190.00	0.022	0.022	0.020	0.838	-0.001	0.345	0.351	0.159	0.329	0.663	0.339	0.209	0.369
191.00	0.020	0.019	0.018	0.763	-0.003	0.322	0.327	0.149	0.308	0.611	0.318	0.196	0.340
192.00	0.019	0.019	0.019	0.678	-0.003	0.299	0.303	0.142	0.288	0.561	0.295	0.184	0.313
193.00	0.017	0.017	0.017	0.590	-0.002	0.276	0.279	0.134	0.266	0.511	0.273	0.172	0.285
194.00	0.015	0.016	0.015	0.521	-0.003	0.257	0.260	0.128	0.248	0.472	0.256	0.161	0.265
195.00	0.014	0.015	0.014	0.456	-0.003	0.240	0.242	0.123	0.232	0.437	0.240	0.152	0.246
196.00	0.014	0.014	0.014	0.403	-0.002	0.226	0.227	0.119	0.219	0.411	0.227	0.147	0.231
197.00	0.013	0.014	0.014	0.356	-0.002	0.213	0.215	0.115	0.206	0.386	0.214	0.140	0.218
198.00	0.012	0.012	0.012	0.317	-0.003	0.201	0.203	0.111	0.195	0.366	0.203	0.135	0.205
199.00	0.011	0.012	0.012	0.284	-0.003	0.192	0.194	0.108	0.186	0.349	0.194	0.132	0.196
200.00	0.011	0.011	0.011	0.257	-0.002	0.184	0.186	0.106	0.179	0.334	0.186	0.128	0.187
201.00	0.010	0.010	0.010	0.232	-0.002	0.177	0.178	0.104	0.171	0.321	0.178	0.125	0.179
202.00	0.010	0.010	0.010	0.212	-0.002	0.170	0.171	0.102	0.165	0.309	0.172	0.122	0.172
203.00	0.010	0.010	0.010	0.195	-0.001	0.165	0.165	0.100	0.159	0.299	0.166	0.119	0.166
204.00	0.010	0.010	0.010	0.181	-0.001	0.159	0.159	0.098	0.153	0.289	0.161	0.117	0.161
205.00	0.009	0.009	0.009	0.169	-0.001	0.153	0.153	0.095	0.148	0.279	0.155	0.113	0.155
206.00	0.008	0.009	0.009	0.160	-0.001	0.148	0.148	0.093	0.143	0.270	0.150	0.111	0.150
207.00	0.008	0.008	0.008	0.152	-0.002	0.144	0.144	0.091	0.138	0.261	0.146	0.109	0.146
208.00	0.008	0.008	0.008	0.146	-0.002	0.139	0.139	0.089	0.134	0.252	0.141	0.107	0.141
209.00	0.007	0.007	0.007	0.139	-0.002	0.134	0.134	0.086	0.129	0.242	0.136	0.104	0.136
210.00	0.007	0.007	0.007	0.133	-0.002	0.129	0.130	0.085	0.125	0.231	0.131	0.102	0.132
211.00	0.007	0.007	0.006	0.128	-0.002	0.125	0.125	0.083	0.121	0.219	0.127	0.099	0.127
212.00	0.006	0.006	0.006	0.123	-0.002	0.120	0.120	0.081	0.116	0.208	0.122	0.097	0.123
213.00	0.006	0.006	0.006	0.118	-0.002	0.116	0.116	0.079	0.112	0.196	0.118	0.095	0.119
214.00	0.006	0.006	0.006	0.113	-0.003	0.111	0.111	0.077	0.108	0.184	0.113	0.093	0.114
215.00	0.006	0.006	0.006	0.109	-0.003	0.107	0.107	0.075	0.104	0.172	0.109	0.091	0.110
216.00	0.005	0.005	0.006	0.105	-0.003	0.102	0.103	0.074	0.100	0.160	0.105	0.089	0.106
217.00	0.005	0.005	0.005	0.102	-0.003	0.099	0.099	0.072	0.096	0.148	0.101	0.088	0.102
218.00	0.005	0.005	0.005	0.098	-0.003	0.095	0.095	0.071	0.092	0.136	0.098	0.086	0.099
219.00	0.005	0.005	0.005	0.096	-0.003	0.092	0.092	0.070	0.089	0.126	0.094	0.085	0.095
220.00	0.005	0.005	0.005	0.092	-0.003	0.089	0.088	0.069	0.086	0.115	0.091	0.083	0.092
221.00	0.005	0.005	0.005	0.089	-0.003	0.085	0.085	0.068	0.083	0.105	0.088	0.082	0.089
222.00	0.005	0.005	0.005	0.086	-0.003	0.083	0.082	0.067	0.080	0.096	0.085	0.081	0.086
223.00	0.005	0.005	0.005	0.084	-0.003	0.080	0.079	0.066	0.077	0.088	0.082	0.079	0.083
224.00	0.004	0.005	0.004	0.081	-0.003	0.077	0.077	0.064	0.075	0.080	0.079	0.078	0.080
225.00	0.004	0.005	0.004	0.078	-0.003	0.075	0.074	0.064	0.072	0.073	0.077	0.077	0.078
226.00	0.004	0.004	0.004	0.076	-0.003	0.073	0.072	0.062	0.070	0.066	0.075	0.076	0.076
227.00	0.004	0.004	0.004	0.073	-0.003	0.071	0.070	0.062	0.068	0.061	0.072	0.075	0.073
228.00	0.004	0.004	0.004	0.071	-0.003	0.069	0.068	0.061	0.066	0.055	0.071	0.074	0.071
229.00	0.004	0.004	0.004	0.068	-0.003	0.067	0.066	0.060	0.064	0.051	0.069	0.072	0.069
230.00	0.004	0.004	0.004	0.066	-0.003	0.065	0.064	0.059	0.063	0.047	0.067	0.071	0.068
231.00	0.004	0.004	0.004	0.064	-0.003	0.064	0.063	0.058	0.061	0.043	0.066	0.070	0.066
232.00	0.004	0.004	0.004	0.062	-0.003	0.062	0.061	0.057	0.060	0.040	0.064	0.069	0.064
233.00	0.004	0.004	0.004	0.061	-0.002	0.061	0.060	0.056	0.058	0.037	0.063	0.068	0.063
234.00	0.004	0.004	0.004	0.059	-0.002	0.060	0.058	0.056	0.057	0.035	0.061	0.067	0.062
235.00	0.004	0.004	0.004	0.058	-0.002	0.059	0.057	0.054	0.056	0.033	0.060	0.066	0.060
236.00	0.004	0.004	0.004	0.057	-0.002	0.058	0.056	0.054	0.055	0.032	0.059	0.065	0.059
237.00	0.004	0.004	0.004	0.056	-0.002	0.057	0.055	0.053	0.054	0.030	0.058	0.064	0.058
238.00	0.004	0.004	0.004	0.055	-0.002	0.056	0.054	0.052	0.053	0.029	0.057	0.064	0.057
239.00	0.004	0.004	0.004	0.054	-0.002	0.055	0.053	0.052	0.052	0.029	0.057	0.063	0.057
240.00	0.004	0.004	0.004	0.054	-0.002	0.055	0.053	0.051	0.052	0.028	0.056	0.062	0.056
241.00	0.004	0.004	0.004	0.053	-0.002	0.054	0.052	0.050	0.051	0.027	0.055	0.061	0.055
242.00	0.004	0.004	0.004	0.053	-0.002	0.053	0.051	0.050	0.050	0.026	0.054	0.060	0.054
243.00	0.004	0.004	0.004	0.052	-0.002	0.053	0.051	0.049	0.050	0.026	0.054	0.060	0.054
244.00	0.004	0.004	0.004	0.052	-0.002	0.052	0.050	0.048	0.049	0.025	0.053	0.059	0.053
245.00	0.004	0.004	0.004	0.052	-0.002	0.051	0.049	0.048	0.049	0.024	0.052	0.058	0.053
246.00	0.004	0.004	0.004	0.051	-0.001	0.051	0.049	0.047	0.048	0.024	0.052	0.057	0.052
247.00	0.004	0.004	0.004	0.051	-0.001	0.050	0.048	0.047	0.047	0.024	0.051	0.057	0.051
248.00	0.004	0.004	0.004	0.051	-0.002	0.049	0.047	0.046	0.047	0.023	0.050	0.056	0.051
249.00	0.004	0.004	0.003	0.051	-0.002	0.049	0.047	0.046	0.046	0.023	0.050	0.055	0.050
250.00	0.004	0.004	0.003	0.051	-0.002	0.048	0.047	0.045	0.046	0.022	0.050	0.055	0.050
251.00	0.004	0.004	0.003	0.051	-0.001	0.048	0.046	0.045	0.045	0.022	0.049	0.054	0.050
252.00	0.004	0.004	0.004	0.051	-0.001	0.047	0.046	0.044	0.045	0.022	0.049	0.054	0.049
253.00	0.003	0.003	0.003	0.051	-0.002	0.047	0.045	0.044	0.044	0.022	0.048	0.053	0.049
254.00	0.003	0.003	0.003	0.051	-0.002	0.047	0.045	0.043	0.044	0.021	0.048	0.053	0.048
255.00	0.003	0.003	0.003	0.051	-0.002	0.046	0.044	0.043	0.044	0.021	0.047	0.052	0.048
256.00	0.003	0.003	0.003	0.051	-0.002	0.046	0.044	0.042	0.043	0.021	0.047	0.052	0.047
257.00	0.003	0.003	0.003	0.052	-0.002	0.045	0.043	0.042	0.043	0.021	0.046	0.051	0.047
258.00	0.003	0.003	0.003	0.052	-0.001	0.045	0.043	0.042	0.043	0.021	0.046	0.051	0.047
259.00	0.003	0.003	0.003	0.052	-0.001	0.045	0.043	0.042	0.042	0.020	0.046	0.051	0.046
260.00	0.003	0.003	0.003	0.053	-0.001	0.044	0.042	0.041	0.042	0.020	0.045	0.050	0.046
261.00	0.003	0.003	0.003	0.053	-0.001	0.044	0.042	0.041	0.042	0.020	0.045	0.050	0.045
262.00	0.003	0.003	0.003	0.053	-0.001	0.043	0.042	0.041	0.041	0.020	0.044	0.049	0.045
263.00	0.003	0.003	0.003	0.053	-0.002	0.043	0.041	0.040	0.041	0.020	0.044	0.049	0.045
264.00	0.003	0.003	0.003	0.054	-0.001	0.043	0.041	0.040	0.040	0.020	0.043	0.049	0.044
265.00	0.003	0.003	0.003	0.054	-0.001	0.042	0.040	0.040	0.040	0.020	0.043	0.048	0.044
266.00	0.003	0.003	0.003	0.054	-0.001	0.042	0.040	0.039	0.039	0.019	0.042	0.048	0.043
267.00	0.003	0.003	0.003	0.054	-0.001	0.041	0.039	0.039	0.039	0.019	0.042	0.047	0.043
268.00	0.003	0.003	0.003	0.054	-0.001	0.041	0.039	0.039	0.038	0.019	0.041	0.047	0.042
269.00	0.003	0.003	0.003	0.055	-0.001	0.040	0.038	0.038	0.038	0.019	0.041	0.047	0.041
270.00	0.003	0.003	0.003	0.055	-0.001	0.039	0.037	0.038	0.037	0.019	0.040	0.046	0.041
271.00	0.003	0.003	0.003	0.055	-0.001	0.039	0.037	0.037	0.037	0.019	0.040	0.046	0.040
272.00	0.003	0.003	0.003	0.055	-0.001	0.039	0.037	0.037	0.036	0.019	0.039	0.046	0.040
273.00	0.003	0.003	0.003	0.055	-0.001	0.038	0.036	0.037	0.036	0.018	0.039	0.045	0.039
274.00	0.003	0.003	0.003	0.055	-0.001	0.037	0.035	0.037	0.035	0.018	0.038	0.045	0.039
275.00	0.003	0.003	0.003	0.055	-0.001	0.037	0.035	0.036	0.034	0.018	0.038	0.044	0.038
276.00	0.003	0.003	0.003	0.055	-0.001	0.036	0.034	0.036	0.034	0.018	0.037	0.044	0.037
277.00	0.003	0.003	0.003	0.054	-0.001	0.035	0.033	0.035	0.033	0.018	0.036	0.043	0.037
278.00	0.003	0.003	0.003	0.054	-0.001	0.035	0.033	0.035	0.032	0.018	0.035	0.043	0.036
279.00	0.003	0.003	0.003	0.053	-0.002	0.034	0.032	0.034	0.032	0.017	0.035	0.042	0.035
280.00	0.003	0.003	0.003	0.053	-0.001	0.033	0.031	0.034	0.031	0.017	0.034	0.042	0.035
281.00	0.003	0.003	0.003	0.053	-0.001	0.033	0.031	0.034	0.031	0.017	0.034	0.042	0.034
282.00	0.003	0.003	0.003	0.052	-0.001	0.033	0.031	0.034	0.030	0.017	0.033	0.042	0.034
283.00	0.003	0.003	0.003	0.051	-0.001	0.032	0.030	0.033	0.030	0.017	0.032	0.041	0.033
284.00	0.003	0.003	0.003	0.051	-0.001	0.031	0.029	0.033	0.029	0.017	0.032	0.040	0.032
285.00	0.003	0.003	0.003	0.050	-0.001	0.031	0.028	0.032	0.028	0.017	0.031	0.040	0.032
286.00	0.003	0.003	0.003	0.049	-0.001	0.030	0.028	0.032	0.028	0.016	0.031	0.040	0.031
287.00	0.003	0.003	0.003	0.049	-0.001	0.030	0.028	0.032	0.028	0.016	0.030	0.039	0.031
288.00	0.003	0.003	0.003	0.048	-0.001	0.029	0.027	0.031	0.027	0.016	0.030	0.039	0.030
289.00	0.003	0.003	0.003	0.047	-0.001	0.029	0.026	0.031	0.026	0.016	0.029	0.038	0.029
290.00	0.003	0.003	0.003	0.046	-0.001	0.028	0.026	0.030	0.026	0.016	0.028	0.038	0.029
291.00	0.003	0.003	0.003	0.045	-0.001	0.028	0.025	0.030	0.025	0.015	0.028	0.037	0.028
292.00	0.003	0.003	0.003	0.044	-0.001	0.027	0.025	0.030	0.025	0.015	0.027	0.037	0.028
293.00	0.003	0.003	0.003	0.043	-0.001	0.027	0.024	0.029	0.024	0.015	0.027	0.036	0.027
294.00	0.003	0.002	0.002	0.042	-0.001	0.026	0.023	0.028	0.023	0.015	0.026	0.036	0.026
295.00	0.003	0.003	0.003	0.041	-0.001	0.026	0.023	0.028	0.023	0.015	0.026	0.036	0.026
296.00	0.003	0.003	0.003	0.041	-0.001	0.025	0.023	0.028	0.023	0.015	0.025	0.035	0.026
297.00	0.003	0.003	0.003	0.040	-0.001	0.025	0.022	0.028	0.022	0.015	0.025	0.035	0.025
298.00	0.003	0.003	0.003	0.039	-0.001	0.025	0.022	0.027	0.022	0.015	0.024	0.035	0.025
299.00	0.003	0.003	0.003	0.038	-0.001	0.024	0.021	0.027	0.021	0.014	0.024	0.034	0.024
300.00	0.003	0.003	0.002	0.037	-0.001	0.024	0.021	0.027	0.021	0.014	0.024	0.034	0.024
301.00	0.003	0.003	0.003	0.036	-0.001	0.024	0.020	0.027	0.021	0.014	0.023	0.034	0.024
302.00	0.003	0.002	0.002	0.035	-0.001	0.023	0.020	0.026	0.020	0.014	0.023	0.033	0.023
303.00	0.002	0.002	0.003	0.034	-0.001	0.023	0.020	0.026	0.020	0.014	0.022	0.033	0.023
304.00	0.003	0.002	0.002	0.034	-0.001	0.022	0.019	0.026	0.019	0.014	0.022	0.033	0.022
305.00	0.002	0.002	0.002	0.033	-0.001	0.022	0.019	0.025	0.019	0.013	0.022	0.032	0.022
306.00	0.002	0.002	0.002	0.032	-0.001	0.021	0.018	0.025	0.019	0.013	0.021	0.033	0.021
307.00	0.002	0.002	0.002	0.031	-0.001	0.020	0.018	0.025	0.018	0.012	0.021	0.032	0.021
308.00	0.002	0.002	0.002	0.031	-0.001	0.020	0.018	0.025	0.018	0.012	0.021	0.032	0.020
309.00	0.002	0.002	0.002	0.030	-0.001	0.020	0.017	0.024	0.018	0.012	0.020	0.031	0.020
310.00	0.002	0.002	0.002	0.029	-0.001	0.019	0.017	0.024	0.017	0.012	0.020	0.031	0.020
311.00	0.002	0.002	0.002	0.029	-0.001	0.019	0.017	0.024	0.017	0.012	0.020	0.031	0.019
312.00	0.002	0.002	0.002	0.028	-0.001	0.019	0.016	0.024	0.016	0.012	0.019	0.030	0.019
313.00	0.002	0.002	0.002	0.028	-0.001	0.018	0.016	0.023	0.017	0.012	0.019	0.030	0.019
314.00	0.002	0.002	0.002	0.027	-0.001	0.018	0.016	0.023	0.016	0.012	0.019	0.030	0.018
315.00	0.002	0.002	0.002	0.027	-0.001	0.018	0.016	0.023	0.016	0.011	0.019	0.030	0.018
316.00	0.002	0.002	0.002	0.027	-0.001	0.018	0.015	0.022	0.016	0.011	0.018	0.029	0.018
317.00	0.002	0.002	0.002	0.026	-0.001	0.017	0.015	0.022	0.015	0.011	0.018	0.029	0.018
318.00	0.002	0.002	0.002	0.026	-0.001	0.017	0.015	0.022	0.015	0.011	0.018	0.029	0.018
319.00	0.002	0.002	0.002	0.026	-0.001	0.017	0.014	0.022	0.015	0.011	0.017	0.028	0.017
320.00	0.002	0.002	0.002	0.025	-0.001	0.016	0.014	0.022	0.015	0.011	0.017	0.028	0.017
321.00	0.002	0.002	0.002	0.025	-0.001	0.016	0.014	0.021	0.015	0.011	0.016	0.028	0.017
322.00	0.002	0.002	0.002	0.025	-0.001	0.016	0.014	0.021	0.015	0.010	0.016	0.028	0.017
323.00	0.002	0.002	0.002	0.025	-0.001	0.016	0.014	0.021	0.014	0.011	0.016	0.028	0.017
324.00	0.002	0.002	0.002	0.025	-0.001	0.016	0.013	0.021	0.014	0.010	0.016	0.027	0.016
325.00	0.003	0.002	0.002	0.024	-0.001	0.016	0.013	0.020	0.014	0.010	0.016	0.027	0.016
326.00	0.002	0.002	0.002	0.024	-0.001	0.015	0.013	0.020	0.014	0.010	0.015	0.027	0.016
327.00	0.002	0.002	0.002	0.024	-0.001	0.015	0.013	0.020	0.013	0.010	0.015	0.026	0.015
328.00	0.002	0.002	0.002	0.024	-0.001	0.015	0.013	0.020	0.013	0.010	0.015	0.026	0.015
329.00	0.002	0.002	0.002	0.023	-0.001	0.015	0.012	0.019	0.013	0.010	0.015	0.026	0.015
330.00	0.002	0.002	0.002	0.023	-0.001	0.014	0.012	0.019	0.013	0.010	0.015	0.025	0.015
331.00	0.002	0.002	0.002	0.023	-0.001	0.014	0.012	0.019	0.013	0.010	0.015	0.025	0.015
332.00	0.002	0.002	0.002	0.023	-0.001	0.014	0.012	0.019	0.012	0.010	0.014	0.025	0.014
333.00	0.002	0.002	0.002	0.023	-0.001	0.014	0.012	0.018	0.012	0.009	0.014	0.025	0.014
334.00	0.002	0.002	0.002	0.023	-0.001	0.014	0.011	0.018	0.012	0.010	0.014	0.024	0.014
335.00	0.002	0.002	0.002	0.023	-0.001	0.014	0.011	0.018	0.012	0.010	0.014	0.024	0.014
336.00	0.002	0.002	0.002	0.022	-0.001	0.014	0.011	0.018	0.012	0.009	0.013	0.024	0.013
337.00	0.002	0.002	0.002	0.022	-0.000	0.014	0.011	0.018	0.012	0.009	0.013	0.024	0.013
338.00	0.002	0.002	0.002	0.022	-0.001	0.013	0.010	0.017	0.011	0.009	0.013	0.023	0.013
339.00	0.003	0.002	0.002	0.022	-0.000	0.013	0.011	0.018	0.012	0.009	0.013	0.023	0.013
340.00	0.004	0.004	0.004	0.023	0.001	0.015	0.012	0.019	0.013	0.011	0.014	0.025	0.014
341.00	0.002	0.002	0.003	0.022	-0.001	0.014	0.010	0.017	0.011	0.009	0.013	0.023	0.013
342.00	0.002	0.002	0.002	0.021	-0.001	0.013	0.010	0.017	0.011	0.009	0.012	0.023	0.012
343.00	0.002	0.002	0.002	0.021	-0.001	0.013	0.010	0.016	0.011	0.009	0.012	0.022	0.013
344.00	0.002	0.002	0.002	0.021	-0.001	0.012	0.009	0.016	0.010	0.009	0.012	0.022	0.012
345.00	0.002	0.002	0.002	0.021	-0.001	0.012	0.009	0.016	0.010	0.008	0.011	0.022	0.012
346.00	0.002	0.002	0.002	0.021	-0.001	0.012	0.009	0.016	0.010	0.008	0.011	0.022	0.012
347.00	0.002	0.002	0.002	0.020	-0.001	0.012	0.009	0.016	0.010	0.008	0.011	0.021	0.012
348.00	0.002	0.002	0.002	0.021	-0.000	0.012	0.009	0.015	0.010	0.008	0.011	0.021	0.012
349.00	0.002	0.002	0.002	0.020	-0.001	0.012	0.009	0.015	0.010	0.008	0.011	0.021	0.012
350.00	0.002	0.002	0.002	0.020	-0.001	0.012	0.009	0.015	0.010	0.009	0.011	0.021	0.012
351.00	0.002	0.002	0.002	0.020	-0.001	0.012	0.008	0.015	0.009	0.008	0.011	0.020	0.011
352.00	0.002	0.002	0.002	0.020	-0.001	0.012	0.008	0.015	0.009	0.008	0.011	0.020	0.011
353.00	0.002	0.002	0.002	0.020	-0.001	0.011	0.008	0.015	0.009	0.008	0.010	0.020	0.011
354.00	0.002	0.001	0.002	0.020	-0.001	0.011	0.008	0.014	0.009	0.008	0.010	0.019	0.011
355.00	0.002	0.002	0.002	0.020	-0.001	0.011	0.008	0.014	0.009	0.008	0.010	0.019	0.011
356.00	0.002	0.001	0.002	0.020	-0.001	0.011	0.008	0.014	0.009	0.008	0.010	0.019	0.010
357.00	0.001	0.002	0.001	0.020	-0.001	0.011	0.008	0.014	0.008	0.008	0.010	0.019	0.010
358.00	0.001	0.001	0.002	0.020	-0.001	0.011	0.008	0.014	0.008	0.007	0.010	0.019	0.010
359.00	0.001	0.001	0.001	0.019	-0.001	0.011	0.007	0.013	0.008	0.007	0.010	0.019	0.010
360.00	0.002	0.002	0.001	0.019	-0.001	0.011	0.007	0.013	0.008	0.007	0.009	0.019	0.010
361.00	0.001	0.002	0.001	0.019	-0.001	0.011	0.007	0.013	0.008	0.007	0.009	0.018	0.010
362.00	0.001	0.001	0.001	0.019	-0.001	0.010	0.007	0.013	0.008	0.007	0.009	0.018	0.009
363.00	0.001	0.001	0.001	0.019	-0.001	0.010	0.007	0.013	0.008	0.007	0.009	0.018	0.009
364.00	0.001	0.001	0.001	0.019	-0.001	0.010	0.007	0.012	0.007	0.007	0.009	0.018	0.009
365.00	0.001	0.001	0.001	0.019	-0.001	0.010	0.006	0.013	0.007	0.007	0.008	0.017	0.009
366.00	0.001	0.001	0.001	0.019	-0.001	0.010	0.006	0.012	0.007	0.007	0.008	0.017	0.009
367.00	0.001	0.001	0.001	0.018	-0.001	0.010	0.006	0.012	0.007	0.007	0.008	0.017	0.009
368.00	0.001	0.001	0.001	0.018	-0.001	0.010	0.006	0.012	0.007	0.007	0.008	0.017	0.009
369.00	0.001	0.001	0.001	0.018	-0.001	0.009	0.006	0.012	0.007	0.007	0.008	0.017	0.009
370.00	0.001	0.001	0.001	0.018	-0.001	0.009	0.006	0.012	0.007	0.007	0.008	0.017	0.008
371.00	0.001	0.001	0.001	0.018	-0.001	0.009	0.005	0.012	0.006	0.006	0.008	0.017	0.008
372.00	0.001	0.001	0.001	0.018	-0.001	0.009	0.005	0.012	0.006	0.007	0.008	0.016	0.008
373.00	0.001	0.001	0.001	0.018	-0.001	0.009	0.005	0.011	0.006	0.006	0.007	0.016	0.008
374.00	0.001	0.001	0.001	0.018	-0.001	0.009	0.005	0.011	0.006	0.006	0.007	0.016	0.008
375.00	0.001	0.001	0.001	0.018	-0.001	0.009	0.005	0.011	0.006	0.006	0.007	0.016	0.008
376.00	0.001	0.001	0.001	0.018	-0.001	0.009	0.005	0.011	0.006	0.006	0.007	0.016	0.008
377.00	0.001	0.001	0.001	0.018	-0.001	0.009	0.005	0.011	0.006	0.006	0.007	0.016	0.008
378.00	0.001	0.001	0.001	0.018	-0.001	0.009	0.005	0.011	0.006	0.006	0.007	0.016	0.008
379.00	0.001	0.001	0.001	0.017	-0.001	0.009	0.005	0.011	0.006	0.006	0.007	0.015	0.008
380.00	0.001	0.001	0.001	0.017	-0.001	0.009	0.005	0.010	0.006	0.006	0.007	0.015	0.007
381.00	0.001	0.001	0.001	0.017	-0.001	0.009	0.005	0.010	0.006	0.006	0.007	0.015	0.007
382.00	0.001	0.001	0.001	0.017	-0.001	0.008	0.005	0.010	0.005	0.006	0.006	0.015	0.007
383.00	0.001	0.001	0.001	0.017	-0.001	0.009	0.005	0.010	0.005	0.006	0.006	0.015	0.007
384.00	0.001	0.001	0.001	0.017	-0.001	0.008	0.004	0.010	0.005	0.006	0.006	0.015	0.007
385.00	0.001	0.001	0.001	0.017	-0.001	0.008	0.004	0.010	0.005	0.006	0.006	0.014	0.007
386.00	0.001	0.001	0.001	0.017	-0.001	0.008	0.004	0.010	0.005	0.006	0.006	0.014	0.007
387.00	0.001	0.001	0.001	0.016	-0.001	0.008	0.004	0.010	0.005	0.006	0.006	0.014	0.007
388.00	0.000	0.001	0.001	0.016	-0.001	0.008	0.004	0.010	0.005	0.006	0.006	0.014	0.006
389.00	0.001	0.001	0.001	0.016	-0.001	0.008	0.004	0.010	0.005	0.006	0.006	0.014	0.006
390.00	0.001	0.001	0.001	0.017	-0.001	0.008	0.004	0.009	0.005	0.006	0.006	0.014	0.006
391.00	0.001	0.001	0.001	0.017	-0.001	0.008	0.004	0.009	0.005	0.006	0.006	0.014	0.006
392.00	0.001	0.001	0.001	0.016	-0.001	0.008	0.004	0.009	0.005	0.006	0.006	0.014	0.006
393.00	0.001	0.001	0.001	0.016	-0.001	0.008	0.004	0.009	0.004	0.005	0.005	0.014	0.006
394.00	0.001	0.001	0.001	0.016	-0.001	0.008	0.004	0.009	0.004	0.005	0.005	0.013	0.006
395.00	0.001	0.001	0.001	0.016	-0.001	0.008	0.003	0.009	0.004	0.005	0.005	0.013	0.006
396.00	0.001	0.001	0.000	0.016	-0.001	0.008	0.003	0.009	0.004	0.005	0.005	0.013	0.006
397.00	0.001	0.000	0.001	0.016	-0.001	0.008	0.003	0.009	0.004	0.005	0.005	0.013	0.006
398.00	0.000	0.001	0.001	0.016	-0.001	0.008	0.003	0.009	0.004	0.005	0.005	0.013	0.006
399.00	0.001	0.001	0.001	0.016	-0.001	0.008	0.003	0.009	0.004	0.005	0.005	0.013	0.006
400.00	0.000	0.000	0.000	0.016	-0.001	0.008	0.003	0.008	0.004	0.005	0.005	0.013	0.005
401.00	0.000	0.001	0.001	0.016	-0.001	0.008	0.003	0.008	0.004	0.005	0.005	0.013	0.005
402.00	0.001	0.001	0.001	0.016	-0.001	0.007	0.003	0.008	0.004	0.005	0.005	0.013	0.005
403.00	0.001	0.000	0.000	0.016	-0.001	0.007	0.003	0.008	0.004	0.005	0.005	0.012	0.005
404.00	0.000	0.000	0.000	0.016	-0.001	0.007	0.003	0.008	0.004	0.005	0.005	0.012	0.005
405.00	0.000	0.000	0.000	0.015	-0.001	0.007	0.003	0.008	0.004	0.005	0.004	0.012	0.005
406.00	0.000	0.000	0.000	0.015	-0.001	0.007	0.003	0.008	0.004	0.005	0.004	0.012	0.005
407.00	0.000	0.000	0.000	0.015	-0.001	0.007	0.003	0.008	0.004	0.005	0.004	0.012	0.005
408.00	0.000	0.000	0.000	0.015	-0.001	0.007	0.003	0.008	0.004	0.005	0.004	0.012	0.005
409.00	0.000	0.000	0.000	0.015	-0.001	0.007	0.003	0.008	0.004	0.005	0.004	0.012	0.005
410.00	0.000	0.000	0.000	0.015	-0.001	0.007	0.003	0.008	0.004	0.005	0.004	0.012	0.005
411.00	0.000	0.000	0.000	0.015	-0.001	0.007	0.002	0.008	0.003	0.005	0.004	0.012	0.005
412.00	0.000	0.000	0.000	0.015	-0.001	0.007	0.002	0.008	0.003	0.005	0.004	0.012	0.005
413.00	0.000	0.000	0.000	0.015	-0.001	0.007	0.002	0.008	0.003	0.005	0.004	0.012	0.005
414.00	0.000	0.000	0.000	0.015	-0.001	0.007	0.002	0.007	0.003	0.005	0.004	0.011	0.005
415.00	0.000	0.000	0.000	0.015	-0.001	0.007	0.002	0.007	0.003	0.005	0.004	0.011	0.005
416.00	0.000	0.000	0.000	0.015	-0.001	0.007	0.002	0.007	0.003	0.005	0.004	0.011	0.004
417.00	0.000	0.000	0.000	0.015	-0.001	0.007	0.002	0.007	0.003	0.005	0.004	0.011	0.004
418.00	0.000	0.000	0.000	0.015	-0.001	0.007	0.002	0.007	0.003	0.005	0.004	0.011	0.004
419.00	0.000	0.000	0.000	0.015	-0.001	0.007	0.002	0.007	0.003	0.005	0.003	0.011	0.004
420.00	0.000	0.000	0.000	0.015	-0.001	0.007	0.002	0.007	0.003	0.005	0.003	0.011	0.004
421.00	0.000	0.000	0.000	0.015	-0.001	0.007	0.002	0.007	0.003	0.004	0.003	0.011	0.004
422.00	0.000	0.000	0.000	0.015	-0.001	0.006	0.002	0.007	0.003	0.004	0.003	0.011	0.004
423.00	0.000	0.000	0.000	0.015	-0.001	0.006	0.002	0.007	0.003	0.004	0.003	0.011	0.004
424.00	0.000	0.000	0.000	0.015	-0.001	0.006	0.002	0.007	0.003	0.004	0.003	0.011	0.004
425.00	0.000	0.000	0.000	0.015	-0.001	0.006	0.002	0.007	0.003	0.004	0.003	0.010	0.004
426.00	0.000	0.000	0.000	0.015	-0.001	0.006	0.002	0.007	0.003	0.004	0.003	0.010	0.004
427.00	0.000	0.000	0.000	0.015	-0.001	0.006	0.002	0.007	0.003	0.004	0.003	0.010	0.004
428.00	0.000	0.000	0.000	0.015	-0.001	0.006	0.002	0.007	0.003	0.004	0.003	0.010	0.004
429.00	0.000	0.000	0.000	0.014	-0.001	0.006	0.002	0.007	0.003	0.004	0.003	0.010	0.004
430.00	0.000	0.000	0.000	0.014	-0.001	0.006	0.002	0.006	0.003	0.004	0.003	0.010	0.004
431.00	0.000	0.000	0.000	0.014	-0.001	0.006	0.002	0.006	0.003	0.004	0.003	0.010	0.004
432.00	0.000	0.000	0.000	0.015	-0.001	0.006	0.002	0.006	0.003	0.004	0.003	0.010	0.004
433.00	0.000	0.000	0.000	0.015	-0.001	0.006	0.002	0.006	0.003	0.004	0.003	0.010	0.004
434.00	0.000	0.000	0.000	0.014	-0.001	0.006	0.002	0.006	0.003	0.004	0.003	0.010	0.004
435.00	0.000	0.000	0.000	0.014	-0.001	0.006	0.001	0.006	0.003	0.004	0.003	0.010	0.004
436.00	0.000	0.000	0.000	0.014	-0.001	0.006	0.001	0.006	0.003	0.004	0.003	0.010	0.004
437.00	0.000	0.000	0.000	0.014	-0.001	0.006	0.001	0.006	0.002	0.004	0.003	0.010	0.004
438.00	0.000	0.000	0.000	0.014	-0.001	0.006	0.002	0.006	0.002	0.004	0.003	0.010	0.004
439.00	0.000	0.000	0.000	0.014	-0.001	0.006	0.001	0.006	0.002	0.004	0.003	0.010	0.003
440.00	0.000	0.000	0.000	0.014	-0.001	0.006	0.001	0.006	0.002	0.004	0.003	0.010	0.003
441.00	0.000	0.000	0.000	0.014	-0.001	0.006	0.001	0.006	0.002	0.004	0.003	0.010	0.003
442.00	0.000	0.000	0.000	0.014	-0.001	0.006	0.001	0.006	0.002	0.004	0.003	0.010	0.003
443.00	0.000	0.000	0.000	0.014	-0.001	0.006	0.001	0.006	0.002	0.004	0.003	0.009	0.003
444.00	0.000	0.000	0.000	0.014	-0.001	0.006	0.001	0.006	0.002	0.004	0.003	0.009	0.003
445.00	0.000	0.000	0.000	0.014	-0.001	0.006	0.001	0.006	0.002	0.004	0.002	0.009	0.003
446.00	0.000	0.000	-0.000	0.014	-0.001	0.006	0.001	0.006	0.002	0.004	0.002	0.009	0.003
447.00	0.000	0.000	0.000	0.014	-0.001	0.006	0.001	0.006	0.002	0.004	0.002	0.009	0.003
448.00	0.000	0.000	0.000	0.014	-0.001	0.006	0.001	0.006	0.002	0.004	0.002	0.009	0.003
449.00	0.000	0.000	0.000	0.014	-0.000	0.006	0.001	0.006	0.002	0.004	0.002	0.009	0.003
450.00	0.000	0.000	0.000	0.014	-0.000	0.006	0.001	0.006	0.002	0.004	0.002	0.009	0.003
451.00	0.000	0.000	0.000	0.014	-0.000	0.006	0.001	0.006	0.002	0.004	0.002	0.009	0.003
452.00	0.000	0.000	0.000	0.014	-0.001	0.006	0.001	0.006	0.002	0.004	0.002	0.009	0.003
453.00	0.000	0.000	0.000	0.014	-0.001	0.006	0.001	0.006	0.002	0.004	0.002	0.009	0.003
454.00	0.000	0.000	0.000	0.014	-0.000	0.006	0.001	0.006	0.002	0.004	0.002	0.009	0.003
455.00	0.000	0.000	0.000	0.014	-0.001	0.006	0.001	0.006	0.002	0.004	0.002	0.009	0.003
456.00	0.000	0.000	0.000	0.014	-0.001	0.006	0.001	0.006	0.002	0.004	0.002	0.009	0.003
457.00	0.000	0.000	0.000	0.014	-0.000	0.006	0.001	0.005	0.002	0.004	0.002	0.009	0.003
458.00	0.000	0.000	0.000	0.014	-0.001	0.006	0.001	0.005	0.002	0.004	0.002	0.009	0.003
459.00	0.000	-0.000	0.000	0.014	-0.001	0.006	0.001	0.005	0.002	0.004	0.002	0.009	0.003
460.00	0.000	0.000	0.000	0.014	-0.001	0.006	0.001	0.005	0.002	0.004	0.002	0.009	0.003
461.00	0.000	0.000	-0.000	0.014	-0.000	0.006	0.001	0.005	0.002	0.004	0.002	0.009	0.003
462.00	0.000	0.000	-0.000	0.014	-0.000	0.006	0.001	0.005	0.002	0.004	0.002	0.009	0.003
463.00	0.000	0.000	0.000	0.014	-0.000	0.006	0.001	0.005	0.002	0.004	0.002	0.009	0.003
464.00	0.000	0.000	0.000	0.014	-0.000	0.006	0.001	0.005	0.002	0.004	0.002	0.009	0.003
465.00	0.000	0.000	0.000	0.014	-0.000	0.006	0.001	0.005	0.002	0.004	0.002	0.009	0.003
466.00	0.000	0.000	0.000	0.014	-0.000	0.006	0.001	0.005	0.002	0.004	0.002	0.009	0.003
467.00	0.000	0.000	0.000	0.014	-0.000	0.006	0.001	0.005	0.002	0.004	0.002	0.008	0.003
468.00	0.000	0.000	0.000	0.014	-0.000	0.006	0.001	0.005	0.002	0.004	0.002	0.008	0.003
469.00	0.000	0.000	0.000	0.014	-0.000	0.006	0.001	0.005	0.002	0.004	0.002	0.008	0.003
470.00	0.000	-0.000	0.000	0.014	-0.000	0.006	0.001	0.005	0.002	0.004	0.002	0.008	0.003
471.00	0.000	0.000	0.000	0.014	-0.000	0.006	0.001	0.005	0.002	0.004	0.002	0.008	0.003
472.00	0.000	0.000	0.000	0.014	-0.000	0.006	0.001	0.005	0.002	0.004	0.002	0.008	0.003
473.00	0.000	0.000	0.000	0.014	-0.000	0.006	0.001	0.005	0.002	0.004	0.002	0.008	0.003
474.00	0.000	0.000	0.000	0.014	-0.000	0.006	0.001	0.005	0.002	0.004	0.002	0.008	0.003
475.00	0.000	0.000	0.000	0.014	-0.000	0.006	0.001	0.005	0.002	0.004	0.002	0.008	0.003
476.00	0.000	0.000	0.000	0.014	-0.000	0.006	0.001	0.005	0.002	0.004	0.002	0.008	0.003
477.00	-0.000	-0.000	-0.000	0.014	-0.000	0.006	0.001	0.005	0.001	0.004	0.002	0.008	0.003
478.00	0.000	-0.000	0.000	0.014	-0.000	0.006	0.001	0.005	0.002	0.004	0.002	0.008	0.003
479.00	0.000	-0.000	0.000	0.014	-0.000	0.006	0.001	0.005	0.002	0.004	0.002	0.008	0.003
480.00	0.000	0.000	0.000	0.014	-0.000	0.006	0.001	0.005	0.002	0.004	0.002	0.008	0.003
481.00	-0.000	-0.000	-0.000	0.014	-0.000	0.006	0.001	0.005	0.001	0.004	0.002	0.008	0.003
482.00	-0.000	-0.000	-0.000	0.013	-0.000	0.006	0.001	0.005	0.001	0.004	0.002	0.008	0.003
483.00	-0.000	-0.000	-0.000	0.013	-0.000	0.005	0.000	0.005	0.001	0.004	0.002	0.008	0.003
484.00	-0.000	-0.000	-0.000	0.013	-0.000	0.005	0.000	0.005	0.001	0.004	0.001	0.008	0.002
485.00	-0.000	-0.000	-0.000	0.013	-0.000	0.005	0.000	0.005	0.001	0.004	0.001	0.008	0.002
486.00	-0.000	-0.000	-0.000	0.013	-0.000	0.005	0.000	0.005	0.001	0.004	0.002	0.008	0.003
487.00	-0.000	-0.000	-0.000	0.013	-0.000	0.005	0.000	0.005	0.001	0.004	0.002	0.008	0.003
488.00	-0.000	-0.000	-0.000	0.013	-0.001	0.005	0.000	0.004	0.001	0.004	0.001	0.008	0.002
489.00	-0.000	-0.000	-0.000	0.013	-0.001	0.005	0.000	0.004	0.001	0.003	0.001	0.008	0.002
490.00	-0.000	-0.000	-0.000	0.013	-0.001	0.005	0.000	0.005	0.001	0.003	0.001	0.008	0.002
491.00	-0.000	-0.000	-0.000	0.013	-0.001	0.005	0.000	0.004	0.001	0.004	0.001	0.008	0.002
492.00	-0.000	-0.000	-0.000	0.013	-0.001	0.005	0.000	0.004	0.001	0.004	0.001	0.008	0.002
493.00	-0.000	-0.000	-0.000	0.013	-0.000	0.005	0.000	0.004	0.001	0.004	0.001	0.008	0.002
494.00	-0.000	-0.000	-0.000	0.013	-0.000	0.005	0.000	0.004	0.001	0.004	0.001	0.008	0.002
495.00	-0.000	-0.000	-0.000	0.013	-0.000	0.005	0.000	0.004	0.001	0.004	0.001	0.008	0.002
496.00	-0.000	-0.000	-0.000	0.013	-0.000	0.005	0.000	0.004	0.001	0.004	0.001	0.008	0.002
497.00	-0.000	-0.000	-0.000	0.013	-0.000	0.005	0.000	0.004	0.001	0.004	0.001	0.008	0.002
498.00	-0.000	-0.000	-0.000	0.013	-0.000	0.005	0.000	0.004	0.001	0.004	0.001	0.007	0.002
499.00	-0.000	-0.000	-0.000	0.013	-0.000	0.005	0.000	0.004	0.001	0.004	0.001	0.007	0.002
500.00	-0.000	-0.000	-0.000	0.013	-0.000	0.005	0.000	0.004	0.001	0.004	0.001	0.007	0.002
501.00	-0.000	-0.000	-0.000	0.013	-0.000	0.005	0.000	0.004	0.001	0.004	0.001	0.007	0.002
502.00	-0.000	-0.000	-0.000	0.013	-0.000	0.005	0.000	0.004	0.001	0.004	0.001	0.007	0.002
503.00	-0.000	-0.000	-0.000	0.013	-0.000	0.005	0.000	0.004	0.001	0.004	0.001	0.007	0.002
504.00	-0.000	-0.000	-0.000	0.013	-0.000	0.005	0.000	0.004	0.001	0.004	0.001	0.007	0.002
505.00	-0.000	-0.000	-0.000	0.013	-0.000	0.005	0.000	0.004	0.001	0.004	0.001	0.007	0.002
506.00	-0.000	-0.000	-0.000	0.013	-0.000	0.005	0.000	0.004	0.001	0.004	0.001	0.007	0.002
507.00	-0.000	-0.000	-0.000	0.013	-0.000	0.005	0.000	0.004	0.001	0.003	0.001	0.007	0.002
508.00	-0.000	-0.000	-0.000	0.013	-0.000	0.005	0.000	0.004	0.001	0.003	0.001	0.007	0.002
509.00	-0.000	-0.000	-0.000	0.013	-0.000	0.005	-0.000	0.004	0.001	0.003	0.001	0.007	0.002
510.00	-0.000	-0.000	-0.000	0.013	-0.001	0.005	-0.000	0.004	0.001	0.003	0.001	0.007	0.002
511.00	-0.000	-0.000	-0.000	0.013	-0.001	0.005	-0.000	0.004	0.001	0.003	0.001	0.007	0.002
512.00	-0.000	-0.000	-0.000	0.013	-0.001	0.005	-0.000	0.004	0.001	0.003	0.001	0.007	0.002
513.00	-0.000	-0.000	-0.000	0.013	-0.000	0.005	-0.000	0.004	0.001	0.003	0.001	0.007	0.002
514.00	-0.000	-0.000	-0.000	0.013	-0.001	0.005	-0.000	0.004	0.001	0.003	0.001	0.007	0.002
515.00	-0.000	-0.000	-0.000	0.013	-0.000	0.005	-0.000	0.004	0.001	0.003	0.001	0.007	0.002
516.00	-0.000	-0.000	-0.000	0.013	-0.000	0.005	-0.000	0.004	0.001	0.003	0.001	0.007	0.002
517.00	-0.000	-0.000	-0.000	0.013	-0.000	0.005	0.000	0.004	0.001	0.003	0.001	0.007	0.002
518.00	-0.000	-0.000	-0.000	0.013	-0.000	0.005	-0.000	0.004	0.001	0.003	0.001	0.007	0.002
519.00	-0.000	-0.000	-0.000	0.013	-0.001	0.005	-0.000	0.004	0.001	0.003	0.001	0.007	0.002
520.00	-0.000	-0.000	-0.000	0.013	-0.001	0.005	-0.000	0.004	0.001	0.003	0.001	0.007	0.002
521.00	-0.000	-0.000	-0.000	0.013	-0.000	0.005	-0.000	0.004	0.001	0.003	0.001	0.007	0.002
522.00	-0.000	-0.000	-0.000	0.013	-0.000	0.005	-0.000	0.004	0.001	0.003	0.001	0.007	0.002
523.00	-0.000	-0.000	-0.000	0.013	-0.000	0.005	-0.000	0.004	0.001	0.003	0.001	0.007	0.002
524.00	-0.000	-0.000	-0.000	0.013	-0.001	0.005	-0.000	0.004	0.001	0.003	0.001	0.007	0.002
525.00	-0.000	-0.000	-0.000	0.013	-0.001	0.005	-0.000	0.004	0.001	0.003	0.001	0.007	0.002
526.00	-0.000	-0.000	-0.000	0.013	-0.000	0.005	-0.000	0.004	0.001	0.003	0.001	0.007	0.002
527.00	-0.000	-0.000	-0.000	0.013	-0.000	0.005	-0.000	0.004	0.001	0.003	0.001	0.007	0.002
528.00	-0.000	-0.000	-0.000	0.013	-0.001	0.005	-0.000	0.004	0.001	0.003	0.001	0.007	0.002
529.00	-0.000	-0.000	-0.001	0.013	-0.001	0.005	-0.000	0.004	0.001	0.003	0.001	0.007	0.002
530.00	-0.000	-0.000	-0.000	0.013	-0.000	0.005	-0.000	0.004	0.001	0.003	0.001	0.007	0.002
531.00	-0.000	-0.000	-0.000	0.013	-0.000	0.005	-0.000	0.004	0.001	0.003	0.001	0.007	0.002
532.00	-0.000	-0.000	-0.000	0.013	-0.000	0.005	-0.000	0.004	0.001	0.003	0.001	0.007	0.002
533.00	-0.000	-0.000	-0.000	0.013	-0.000	0.005	-0.000	0.004	0.001	0.003	0.001	0.007	0.002
534.00	-0.000	-0.000	-0.000	0.013	-0.000	0.005	-0.000	0.004	0.001	0.003	0.001	0.007	0.002
535.00	-0.000	-0.000	-0.000	0.013	-0.000	0.005	0.000	0.004	0.001	0.004	0.001	0.007	0.002
536.00	0.001	0.001	0.001	0.014	0.001	0.006	0.001	0.005	0.002	0.004	0.002	0.008	0.003
537.00	-0.000	-0.000	-0.000	0.013	-0.000	0.006	0.000	0.004	0.001	0.004	0.001	0.007	0.002
538.00	-0.000	-0.000	-0.000	0.013	-0.000	0.005	-0.000	0.004	0.001	0.004	0.001	0.007	0.002
539.00	-0.000	-0.000	-0.000	0.013	-0.000	0.005	-0.000	0.004	0.001	0.003	0.001	0.007	0.002
540.00	-0.000	-0.000	-0.000	0.013	-0.000	0.005	-0.000	0.004	0.001	0.003	0.001	0.007	0.002
541.00	-0.000	-0.000	-0.000	0.013	-0.000	0.005	0.000	0.004	0.001	0.004	0.001	0.007	0.002
542.00	-0.000	-0.000	-0.000	0.013	-0.000	0.005	-0.000	0.004	0.001	0.004	0.001	0.007	0.002
543.00	-0.000	-0.000	-0.000	0.013	-0.000	0.005	-0.000	0.004	0.001	0.004	0.001	0.007	0.002
544.00	-0.000	-0.000	-0.000	0.013	-0.000	0.005	0.000	0.004	0.001	0.004	0.001	0.007	0.002
545.00	-0.000	-0.000	-0.000	0.013	-0.000	0.005	-0.000	0.004	0.001	0.004	0.001	0.007	0.002
546.00	-0.000	-0.000	-0.000	0.013	-0.000	0.005	0.000	0.004	0.001	0.004	0.001	0.007	0.002
547.00	-0.000	-0.000	-0.000	0.013	-0.000	0.005	-0.000	0.004	0.001	0.004	0.001	0.007	0.002
548.00	-0.000	-0.000	-0.000	0.013	-0.000	0.005	-0.000	0.004	0.001	0.004	0.001	0.007	0.002
549.00	-0.000	-0.000	-0.000	0.013	-0.000	0.005	-0.000	0.004	0.001	0.004	0.001	0.007	0.002
550.00	-0.000	-0.000	-0.000	0.013	-0.000	0.005	-0.000	0.004	0.001	0.004	0.001	0.007	0.002
551.00	-0.000	-0.000	-0.000	0.013	-0.000	0.005	-0.000	0.004	0.001	0.003	0.001	0.007	0.002
552.00	-0.000	-0.000	-0.000	0.013	-0.000	0.005	-0.000	0.004	0.001	0.004	0.001	0.007	0.002
553.00	-0.000	-0.000	-0.000	0.013	-0.000	0.005	-0.000	0.004	0.001	0.004	0.001	0.007	0.002
554.00	-0.000	-0.000	-0.000	0.013	-0.000	0.005	-0.000	0.004	0.001	0.004	0.001	0.007	0.002
555.00	-0.000	-0.000	-0.000	0.013	-0.000	0.005	-0.000	0.004	0.001	0.004	0.001	0.007	0.002
556.00	-0.000	-0.000	-0.000	0.013	-0.000	0.005	-0.000	0.004	0.001	0.004	0.001	0.007	0.002
557.00	-0.000	-0.000	-0.000	0.013	-0.000	0.005	-0.000	0.004	0.001	0.004	0.001	0.007	0.002
558.00	-0.000	-0.000	-0.000	0.013	-0.000	0.005	-0.000	0.004	0.001	0.004	0.001	0.007	0.002
559.00	-0.000	-0.000	-0.000	0.013	-0.000	0.005	-0.000	0.004	0.001	0.004	0.001	0.007	0.002
560.00	-0.000	-0.000	-0.000	0.013	-0.000	0.005	0.000	0.004	0.001	0.004	0.001	0.007	0.002
561.00	-0.000	-0.000	-0.000	0.013	-0.000	0.005	0.000	0.004	0.001	0.004	0.001	0.007	0.002
562.00	-0.000	-0.000	-0.000	0.013	-0.000	0.005	0.000	0.004	0.001	0.004	0.001	0.007	0.002
563.00	-0.000	-0.000	-0.000	0.013	-0.000	0.005	0.000	0.004	0.001	0.004	0.001	0.007	0.002
564.00	-0.000	-0.000	-0.000	0.013	-0.000	0.005	0.000	0.004	0.001	0.004	0.001	0.007	0.002
565.00	-0.000	-0.000	-0.000	0.013	-0.000	0.005	0.000	0.004	0.001	0.004	0.001	0.007	0.002
566.00	-0.000	-0.000	-0.000	0.013	-0.000	0.005	0.000	0.004	0.001	0.004	0.001	0.007	0.002
567.00	-0.000	-0.000	-0.000	0.013	-0.000	0.005	0.000	0.004	0.001	0.004	0.001	0.007	0.002
568.00	-0.000	-0.000	-0.000	0.013	-0.000	0.005	0.000	0.004	0.001	0.004	0.001	0.007	0.002
569.00	-0.000	-0.000	-0.000	0.013	-0.000	0.005	0.000	0.004	0.001	0.004	0.001	0.007	0.002
570.00	-0.000	-0.000	-0.000	0.013	-0.000	0.005	-0.000	0.004	0.001	0.004	0.001	0.007	0.002
571.00	-0.000	-0.000	-0.000	0.014	-0.000	0.005	0.000	0.004	0.001	0.004	0.001	0.007	0.002
572.00	-0.000	-0.000	-0.000	0.014	-0.000	0.005	0.000	0.004	0.001	0.004	0.001	0.007	0.002
573.00	-0.000	-0.000	-0.000	0.013	-0.000	0.005	0.000	0.003	0.001	0.004	0.001	0.007	0.002
574.00	-0.000	-0.000	-0.000	0.013	-0.000	0.005	-0.000	0.003	0.001	0.004	0.001	0.006	0.002
575.00	-0.000	-0.000	-0.000	0.013	-0.000	0.005	0.000	0.003	0.001	0.004	0.001	0.007	0.002
576.00	0.000	-0.000	0.000	0.013	-0.000	0.005	0.000	0.004	0.001	0.004	0.001	0.007	0.002
577.00	0.000	0.000	0.000	0.014	-0.000	0.005	0.000	0.004	0.001	0.004	0.001	0.007	0.002
578.00	0.000	-0.000	-0.000	0.014	-0.000	0.005	0.000	0.003	0.001	0.004	0.001	0.006	0.002
579.00	0.000	0.000	-0.000	0.014	-0.000	0.005	0.000	0.004	0.001	0.004	0.001	0.007	0.002
580.00	-0.000	-0.000	-0.000	0.013	-0.000	0.006	0.000	0.004	0.001	0.004	0.001	0.007	0.002
581.00	-0.000	-0.000	-0.000	0.013	-0.000	0.005	0.000	0.004	0.001	0.004	0.001	0.007	0.002
582.00	-0.000	-0.000	-0.000	0.014	-0.000	0.005	0.000	0.003	0.001	0.004	0.001	0.007	0.002
583.00	-0.000	-0.000	0.000	0.014	-0.000	0.006	0.000	0.003	0.001	0.004	0.001	0.007	0.002
584.00	0.000	-0.000	0.000	0.014	-0.000	0.006	0.000	0.003	0.001	0.004	0.001	0.007	0.002
585.00	0.000	-0.000	0.000	0.014	-0.000	0.006	0.000	0.003	0.001	0.004	0.001	0.007	0.002
586.00	-0.000	-0.000	-0.000	0.014	-0.000	0.006	-0.000	0.003	0.001	0.004	0.001	0.007	0.002
587.00	-0.000	-0.000	-0.000	0.014	-0.000	0.006	0.000	0.003	0.001	0.004	0.001	0.007	0.002
588.00	0.000	-0.000	-0.000	0.014	-0.000	0.006	0.000	0.003	0.001	0.004	0.001	0.007	0.002
589.00	-0.000	-0.000	-0.000	0.013	-0.000	0.006	-0.000	0.003	0.001	0.004	0.001	0.007	0.002
590.00	-0.000	-0.000	-0.000	0.013	-0.000	0.006	0.000	0.003	0.001	0.004	0.001	0.007	0.002
591.00	0.000	-0.000	-0.000	0.014	-0.000	0.006	0.000	0.003	0.001	0.004	0.001	0.007	0.002
592.00	-0.000	-0.000	-0.000	0.013	-0.000	0.005	0.000	0.003	0.001	0.004	0.001	0.006	0.002
593.00	0.000	-0.000	-0.000	0.014	-0.000	0.005	0.000	0.003	0.001	0.004	0.001	0.006	0.002
594.00	0.000	-0.000	0.000	0.014	-0.000	0.006	0.000	0.003	0.001	0.004	0.001	0.006	0.002
595.00	0.000	-0.000	0.000	0.014	-0.000	0.006	0.000	0.003	0.001	0.004	0.001	0.007	0.002
596.00	0.000	-0.000	0.000	0.013	-0.000	0.005	0.000	0.003	0.001	0.004	0.001	0.006	0.002
597.00	0.000	-0.000	0.000	0.014	-0.000	0.006	0.000	0.003	0.001	0.004	0.001	0.006	0.002
598.00	0.000	0.000	-0.000	0.014	-0.000	0.006	0.000	0.003	0.001	0.004	0.001	0.006	0.002
599.00	0.000	-0.000	-0.000	0.014	-0.000	0.006	0.000	0.003	0.001	0.004	0.001	0.006	0.002
600.00	-0.000	-0.000	-0.000	0.014	-0.000	0.006	-0.000	0.003	0.001	0.004	0.001	0.006	0.002
601.00	-0.000	-0.000	-0.000	0.014	-0.000	0.006	-0.000	0.003	0.001	0.004	0.001	0.006	0.002
602.00	0.000	0.000	0.000	0.014	-0.000	0.006	0.000	0.003	0.001	0.004	0.001	0.006	0.002
603.00	-0.000	0.000	-0.000	0.014	-0.000	0.006	-0.000	0.003	0.001	0.004	0.001	0.006	0.002
604.00	-0.000	-0.000	-0.000	0.014	-0.000	0.006	-0.000	0.003	0.001	0.004	0.001	0.006	0.002
605.00	-0.000	-0.000	-0.000	0.013	-0.000	0.005	-0.000	0.003	0.001	0.004	0.001	0.006	0.002
606.00	-0.000	-0.000	-0.000	0.014	-0.000	0.006	0.000	0.003	0.001	0.004	0.001	0.006	0.002
607.00	0.000	-0.000	-0.000	0.014	-0.000	0.006	-0.000	0.003	0.001	0.004	0.001	0.006	0.002
608.00	0.000	-0.000	-0.000	0.014	-0.000	0.005	-0.000	0.003	0.001	0.004	0.001	0.006	0.002
609.00	-0.000	-0.000	-0.000	0.013	-0.000	0.005	-0.000	0.003	0.001	0.004	0.001	0.006	0.002
610.00	0.000	-0.000	-0.000	0.014	-0.000	0.005	-0.000	0.003	0.001	0.004	0.001	0.006	0.002
611.00	0.000	-0.000	-0.000	0.014	-0.000	0.006	-0.000	0.003	0.001	0.004	0.001	0.006	0.002
612.00	-0.000	-0.000	-0.000	0.014	-0.000	0.005	-0.000	0.003	0.001	0.004	0.001	0.006	0.002
613.00	0.000	-0.000	-0.000	0.014	-0.000	0.006	-0.000	0.003	0.001	0.004	0.001	0.006	0.002
614.00	-0.000	-0.000	-0.000	0.014	-0.000	0.005	-0.000	0.003	0.001	0.004	0.001	0.006	0.002
615.00	-0.000	-0.000	-0.000	0.013	-0.000	0.005	-0.000	0.003	0.001	0.004	0.001	0.006	0.002
616.00	-0.000	-0.000	-0.000	0.013	-0.000	0.005	-0.000	0.003	0.001	0.004	0.001	0.006	0.002
617.00	-0.000	-0.000	-0.000	0.013	-0.000	0.005	0.000	0.003	0.001	0.004	0.001	0.006	0.002
618.00	-0.000	-0.000	-0.000	0.014	-0.000	0.005	0.000	0.003	0.001	0.004	0.001	0.006	0.002
619.00	-0.000	-0.000	-0.000	0.014	-0.000	0.005	-0.000	0.003	0.001	0.004	0.001	0.006	0.002
620.00	-0.000	-0.000	-0.000	0.014	-0.000	0.005	-0.000	0.003	0.001	0.004	0.001	0.006	0.002
621.00	-0.000	-0.000	-0.000	0.013	-0.000	0.005	-0.000	0.003	0.001	0.004	0.001	0.006	0.002
622.00	-0.000	-0.000	-0.000	0.013	-0.000	0.005	-0.000	0.003	0.001	0.003	0.001	0.006	0.002
623.00	-0.000	-0.000	-0.000	0.014	-0.000	0.005	-0.000	0.003	0.001	0.004	0.001	0.006	0.002
624.00	-0.000	-0.000	-0.000	0.014	-0.000	0.005	-0.000	0.003	0.001	0.004	0.001	0.006	0.002
625.00	-0.000	-0.000	-0.000	0.014	-0.000	0.005	-0.000	0.003	0.001	0.004	0.001	0.006	0.002
626.00	-0.000	-0.000	-0.000	0.013	-0.000	0.005	-0.000	0.003	0.001	0.004	0.001	0.006	0.002
627.00	-0.000	-0.000	-0.000	0.013	-0.000	0.005	-0.000	0.003	0.001	0.004	0.001	0.006	0.002
628.00	-0.000	-0.000	-0.000	0.013	-0.000	0.005	-0.000	0.003	0.001	0.004	0.001	0.006	0.002
629.00	-0.000	-0.000	-0.000	0.013	-0.000	0.005	-0.000	0.003	0.001	0.003	0.001	0.006	0.002
630.00	-0.000	-0.000	-0.000	0.013	-0.000	0.005	-0.000	0.003	0.001	0.003	0.001	0.006	0.002
631.00	-0.000	-0.000	-0.000	0.014	-0.000	0.005	-0.000	0.003	0.001	0.003	0.001	0.006	0.002
632.00	-0.000	-0.000	-0.000	0.013	-0.000	0.005	-0.000	0.003	0.001	0.003	0.001	0.006	0.002
633.00	-0.000	-0.000	-0.000	0.013	-0.000	0.005	-0.000	0.003	0.001	0.003	0.001	0.006	0.002
634.00	-0.000	-0.000	-0.000	0.013	-0.000	0.005	-0.000	0.003	0.001	0.004	0.001	0.006	0.002
635.00	-0.000	-0.000	-0.000	0.013	-0.000	0.005	-0.000	0.003	0.001	0.003	0.001	0.006	0.002
636.00	-0.000	-0.000	-0.000	0.013	-0.000	0.005	-0.000	0.003	0.001	0.003	0.001	0.006	0.002
637.00	-0.000	-0.000	-0.000	0.013	-0.000	0.005	-0.000	0.003	0.001	0.003	0.001	0.006	0.002
638.00	-0.000	-0.000	-0.000	0.013	-0.000	0.005	-0.000	0.003	0.001	0.003	0.001	0.006	0.002
639.00	-0.000	-0.000	-0.000	0.013	-0.000	0.005	-0.000	0.003	0.001	0.003	0.001	0.006	0.002
640.00	-0.000	-0.000	-0.000	0.013	-0.000	0.005	-0.000	0.003	0.000	0.003	0.000	0.006	0.002
641.00	-0.000	-0.000	-0.000	0.013	-0.000	0.005	-0.000	0.002	0.001	0.003	0.000	0.006	0.002
642.00	-0.000	-0.000	-0.000	0.013	-0.000	0.005	-0.000	0.002	0.001	0.003	0.000	0.006	0.002
643.00	-0.000	-0.000	-0.000	0.013	-0.000	0.005	-0.000	0.002	0.000	0.003	0.000	0.006	0.002
644.00	-0.000	-0.000	-0.000	0.013	-0.000	0.005	-0.000	0.003	0.001	0.003	0.001	0.006	0.002
645.00	-0.000	-0.000	-0.000	0.013	-0.000	0.005	-0.000	0.003	0.001	0.003	0.000	0.006	0.002
646.00	-0.000	-0.000	-0.000	0.013	-0.000	0.005	-0.000	0.003	0.001	0.003	0.001	0.006	0.002
647.00	-0.000	-0.000	-0.000	0.013	-0.000	0.005	-0.000	0.003	0.001	0.003	0.001	0.006	0.002
648.00	-0.000	-0.000	-0.000	0.013	-0.000	0.005	-0.000	0.003	0.001	0.003	0.001	0.006	0.002
649.00	-0.000	-0.000	-0.000	0.013	-0.000	0.005	-0.000	0.003	0.000	0.003	0.001	0.006	0.002
650.00	-0.000	-0.000	-0.000	0.013	-0.000	0.005	-0.000	0.003	0.001	0.003	0.001	0.006	0.002
651.00	-0.000	-0.000	-0.000	0.013	-0.000	0.005	-0.000	0.003	0.001	0.003	0.001	0.006	0.002
652.00	-0.000	-0.000	-0.000	0.013	-0.000	0.005	-0.000	0.003	0.001	0.003	0.001	0.006	0.002
653.00	-0.000	-0.000	-0.000	0.013	-0.000	0.005	-0.000	0.003	0.001	0.003	0.001	0.006	0.002
654.00	-0.000	-0.000	-0.000	0.013	-0.000	0.005	-0.000	0.003	0.001	0.003	0.001	0.006	0.002
655.00	-0.000	-0.000	-0.000	0.013	-0.000	0.005	-0.000	0.003	0.001	0.003	0.001	0.006	0.002
656.00	-0.000	-0.000	-0.000	0.013	-0.000	0.005	-0.000	0.003	0.001	0.004	0.001	0.006	0.002
657.00	-0.000	-0.000	-0.000	0.013	-0.000	0.005	-0.000	0.003	0.001	0.004	0.001	0.006	0.002
658.00	-0.000	-0.000	-0.000	0.013	-0.000	0.005	-0.000	0.002	0.001	0.003	0.001	0.006	0.002
659.00	-0.000	-0.000	-0.000	0.013	-0.000	0.005	-0.000	0.003	0.001	0.004	0.001	0.006	0.002
660.00	-0.000	-0.000	-0.000	0.013	-0.000	0.005	-0.000	0.002	0.001	0.003	0.001	0.006	0.002
661.00	-0.000	-0.000	-0.000	0.013	-0.000	0.005	-0.000	0.002	0.001	0.003	0.001	0.006	0.002
662.00	-0.000	-0.000	-0.000	0.013	-0.000	0.005	-0.000	0.002	0.001	0.003	0.001	0.006	0.002
663.00	-0.000	-0.000	-0.000	0.013	-0.000	0.005	-0.000	0.002	0.001	0.004	0.001	0.006	0.002
664.00	-0.000	-0.000	-0.000	0.013	-0.000	0.005	-0.000	0.002	0.001	0.004	0.001	0.006	0.002
665.00	-0.000	-0.000	-0.000	0.013	-0.000	0.005	-0.000	0.002	0.001	0.004	0.001	0.006	0.002
666.00	-0.000	-0.000	-0.000	0.013	-0.000	0.005	-0.000	0.002	0.001	0.003	0.001	0.006	0.002
667.00	-0.000	-0.000	-0.000	0.013	-0.000	0.005	-0.000	0.002	0.001	0.004	0.001	0.006	0.002
668.00	-0.000	-0.000	-0.000	0.013	-0.000	0.005	-0.000	0.002	0.001	0.004	0.001	0.006	0.002
669.00	-0.000	-0.000	-0.000	0.013	-0.000	0.005	-0.000	0.002	0.001	0.004	0.001	0.006	0.002
670.00	-0.000	-0.000	-0.000	0.013	-0.000	0.005	-0.000	0.002	0.001	0.004	0.001	0.006	0.002
671.00	-0.000	-0.000	-0.000	0.013	-0.000	0.005	-0.000	0.002	0.001	0.004	0.001	0.006	0.002
672.00	-0.000	-0.000	-0.000	0.013	-0.000	0.005	-0.000	0.002	0.001	0.003	0.001	0.006	0.002
673.00	-0.000	-0.000	-0.000	0.013	-0.000	0.005	-0.000	0.002	0.001	0.004	0.001	0.006	0.002
674.00	-0.000	-0.000	-0.000	0.013	-0.000	0.005	-0.000	0.002	0.001	0.004	0.001	0.006	0.002
675.00	-0.000	-0.000	-0.000	0.013	-0.000	0.005	-0.000	0.002	0.001	0.004	0.001	0.006	0.002
676.00	-0.000	-0.000	-0.000	0.014	-0.000	0.005	-0.000	0.002	0.001	0.004	0.001	0.006	0.002
677.00	-0.000	-0.000	-0.000	0.013	-0.000	0.005	-0.000	0.002	0.001	0.003	0.001	0.006	0.002
678.00	-0.000	-0.000	-0.000	0.013	-0.000	0.005	-0.000	0.002	0.001	0.003	0.001	0.006	0.002
679.00	-0.000	-0.000	-0.000	0.013	-0.000	0.005	-0.000	0.002	0.001	0.004	0.001	0.006	0.002
680.00	-0.000	-0.000	-0.000	0.013	-0.000	0.005	-0.000	0.002	0.000	0.003	0.001	0.006	0.002
681.00	-0.000	-0.000	-0.000	0.013	-0.000	0.005	-0.000	0.002	0.000	0.003	0.001	0.006	0.002
682.00	-0.000	-0.000	-0.000	0.013	-0.000	0.005	-0.000	0.002	0.001	0.004	0.001	0.006	0.002
683.00	-0.000	-0.000	-0.000	0.013	-0.000	0.005	-0.000	0.002	0.001	0.004	0.001	0.006	0.002
684.00	-0.000	-0.000	-0.000	0.013	-0.000	0.005	-0.000	0.002	0.001	0.004	0.001	0.006	0.002
685.00	-0.000	-0.000	-0.000	0.013	-0.000	0.005	-0.000	0.002	0.001	0.004	0.001	0.006	0.002
686.00	-0.000	-0.000	-0.000	0.014	-0.000	0.005	-0.000	0.002	0.001	0.004	0.001	0.006	0.002
687.00	-0.000	-0.000	-0.000	0.014	-0.000	0.005	-0.000	0.002	0.001	0.004	0.001	0.006	0.002
688.00	-0.000	-0.000	-0.000	0.014	-0.000	0.005	-0.000	0.002	0.001	0.004	0.001	0.006	0.002
689.00	-0.000	-0.000	-0.000	0.014	-0.000	0.005	-0.000	0.002	0.001	0.004	0.001	0.006	0.002
690.00	-0.000	-0.000	-0.000	0.014	-0.000	0.005	-0.000	0.002	0.001	0.004	0.001	0.006	0.002
691.00	-0.000	-0.000	-0.000	0.014	-0.000	0.005	-0.000	0.002	0.001	0.003	0.001	0.006	0.002
692.00	-0.000	-0.000	-0.000	0.013	-0.000	0.005	-0.000	0.002	0.001	0.004	0.001	0.006	0.002
693.00	-0.000	-0.000	-0.000	0.014	-0.000	0.005	-0.000	0.002	0.001	0.004	0.001	0.006	0.002
694.00	-0.000	-0.000	-0.000	0.013	-0.000	0.005	-0.000	0.002	0.001	0.003	0.001	0.006	0.002
695.00	-0.000	-0.000	-0.000	0.014	-0.000	0.005	-0.000	0.002	0.001	0.004	0.001	0.006	0.002
696.00	-0.000	-0.000	-0.000	0.014	-0.000	0.005	-0.000	0.002	0.001	0.003	0.001	0.006	0.002
697.00	-0.000	-0.000	-0.000	0.014	-0.000	0.005	-0.000	0.002	0.001	0.004	0.001	0.006	0.002
698.00	-0.000	-0.000	-0.000	0.014	-0.000	0.005	-0.000	0.002	0.001	0.004	0.001	0.006	0.002
699.00	-0.000	-0.000	-0.000	0.014	-0.000	0.005	-0.000	0.002	0.000	0.004	0.001	0.006	0.002
700.00	-0.000	-0.000	-0.000	0.014	-0.000	0.005	-0.000	0.002	0.001	0.004	0.001	0.006	0.002
701.00	-0.000	-0.000	-0.000	0.014	-0.000	0.005	-0.000	0.002	0.000	0.004	0.001	0.006	0.002
702.00	-0.000	-0.000	-0.000	0.014	-0.000	0.005	-0.000	0.002	0.001	0.004	0.001	0.006	0.002
703.00	-0.000	-0.000	-0.000	0.014	-0.000	0.005	-0.000	0.002	0.001	0.004	0.001	0.006	0.002
704.00	-0.000	-0.000	-0.000	0.014	-0.000	0.005	-0.000	0.002	0.001	0.004	0.001	0.006	0.002
705.00	-0.000	-0.000	-0.000	0.014	-0.000	0.005	-0.000	0.002	0.001	0.004	0.001	0.006	0.002
706.00	-0.000	-0.000	-0.000	0.014	-0.000	0.005	-0.000	0.002	0.001	0.004	0.001	0.006	0.002
707.00	-0.000	-0.000	-0.000	0.014	-0.000	0.005	-0.000	0.002	0.001	0.004	0.001	0.006	0.002
708.00	-0.000	-0.000	-0.000	0.014	-0.000	0.005	-0.000	0.002	0.001	0.004	0.001	0.006	0.002
709.00	-0.000	-0.000	-0.000	0.014	-0.000	0.005	-0.000	0.002	0.001	0.004	0.001	0.006	0.002
710.00	-0.000	-0.000	-0.000	0.014	-0.000	0.005	-0.000	0.002	0.001	0.004	0.001	0.006	0.002
711.00	-0.000	-0.000	-0.000	0.014	-0.000	0.005	-0.000	0.002	0.001	0.004	0.001	0.006	0.002
712.00	-0.000	-0.000	-0.000	0.014	-0.000	0.005	-0.000	0.002	0.001	0.004	0.001	0.006	0.002
713.00	-0.000	-0.000	-0.000	0.014	-0.000	0.005	-0.000	0.002	0.001	0.004	0.001	0.006	0.002
714.00	-0.000	-0.000	-0.000	0.013	-0.000	0.005	-0.000	0.002	0.000	0.004	0.001	0.006	0.002
715.00	-0.000	-0.000	-0.000	0.014	-0.000	0.005	-0.000	0.002	0.001	0.004	0.001	0.006	0.002
716.00	-0.000	-0.000	-0.000	0.014	-0.000	0.005	-0.000	0.002	0.001	0.004	0.001	0.006	0.002
717.00	-0.000	-0.000	-0.000	0.014	-0.000	0.005	-0.000	0.002	0.001	0.004	0.001	0.006	0.002
718.00	-0.000	-0.000	-0.000	0.014	0.000	0.005	-0.000	0.002	0.001	0.004	0.001	0.006	0.002
719.00	-0.000	-0.000	-0.000	0.014	-0.000	0.005	-0.000	0.002	0.001	0.004	0.001	0.006	0.002
720.00	-0.000	-0.000	-0.000	0.014	-0.000	0.005	-0.000	0.002	0.001	0.004	0.001	0.006	0.002
721.00	-0.000	-0.000	-0.000	0.014	-0.000	0.005	-0.000	0.002	0.001	0.004	0.001	0.006	0.002
722.00	-0.000	-0.000	-0.000	0.014	0.000	0.005	-0.000	0.002	0.001	0.004	0.001	0.006	0.002
723.00	-0.000	-0.000	-0.000	0.014	0.000	0.005	-0.000	0.002	0.001	0.004	0.001	0.006	0.002
724.00	-0.000	-0.000	-0.000	0.014	-0.000	0.005	-0.000	0.002	0.001	0.004	0.001	0.006	0.002
725.00	-0.000	-0.000	-0.000	0.014	-0.000	0.005	-0.000	0.002	0.001	0.004	0.001	0.006	0.002
726.00	-0.000	-0.000	-0.000	0.014	-0.000	0.005	-0.000	0.002	0.001	0.004	0.001	0.006	0.002
727.00	-0.000	-0.000	-0.000	0.014	-0.000	0.005	-0.000	0.002	0.001	0.004	0.001	0.006	0.002
728.00	-0.000	-0.000	-0.000	0.014	-0.000	0.005	-0.000	0.002	0.001	0.004	0.001	0.006	0.002
729.00	-0.000	-0.000	-0.000	0.014	-0.000	0.005	-0.000	0.002	0.001	0.004	0.001	0.006	0.002
730.00	-0.000	-0.000	-0.000	0.014	-0.000	0.005	-0.000	0.002	0.001	0.004	0.001	0.006	0.002
731.00	-0.000	-0.000	-0.000	0.014	-0.000	0.005	-0.000	0.002	0.001	0.004	0.001	0.006	0.002
732.00	-0.000	-0.000	-0.000	0.014	-0.000	0.005	-0.000	0.002	0.001	0.004	0.001	0.006	0.002
733.00	-0.000	-0.000	-0.000	0.014	-0.000	0.005	-0.000	0.002	0.001	0.004	0.001	0.006	0.002
734.00	-0.000	-0.000	-0.000	0.014	0.000	0.005	-0.000	0.002	0.001	0.004	0.001	0.006	0.002
735.00	-0.000	-0.000	-0.000	0.014	0.000	0.006	-0.000	0.002	0.001	0.004	0.001	0.006	0.002
736.00	-0.000	-0.000	-0.000	0.014	0.000	0.006	-0.000	0.002	0.001	0.004	0.001	0.006	0.002
737.00	-0.000	-0.000	-0.000	0.014	0.000	0.006	-0.000	0.002	0.001	0.004	0.001	0.006	0.002
738.00	-0.000	-0.000	-0.000	0.014	0.000	0.005	-0.000	0.002	0.001	0.004	0.001	0.006	0.002
739.00	-0.000	-0.000	-0.000	0.014	-0.000	0.005	-0.000	0.002	0.000	0.004	0.001	0.006	0.002
740.00	-0.000	-0.000	-0.000	0.014	-0.000	0.005	-0.000	0.002	0.000	0.004	0.001	0.006	0.002
741.00	-0.000	-0.000	-0.000	0.014	-0.000	0.005	-0.000	0.002	0.000	0.004	0.001	0.006	0.002
742.00	-0.000	-0.000	-0.000	0.014	0.000	0.006	-0.000	0.002	0.001	0.004	0.001	0.006	0.002
743.00	-0.000	-0.000	-0.000	0.014	0.000	0.006	-0.000	0.002	0.001	0.004	0.001	0.006	0.002
744.00	-0.000	-0.000	-0.000	0.014	-0.000	0.006	-0.000	0.002	0.001	0.004	0.001	0.006	0.002
745.00	-0.000	-0.000	-0.000	0.014	0.000	0.006	-0.000	0.002	0.001	0.004	0.001	0.006	0.002
746.00	-0.000	-0.000	-0.000	0.014	-0.000	0.005	-0.000	0.002	0.000	0.004	0.001	0.006	0.002
747.00	-0.000	-0.000	-0.000	0.014	-0.000	0.005	-0.000	0.002	0.000	0.004	0.001	0.006	0.002
748.00	-0.000	-0.000	-0.000	0.014	0.000	0.006	-0.000	0.002	0.001	0.004	0.001	0.006	0.002
749.00	-0.000	-0.000	-0.000	0.014	-0.000	0.005	-0.000	0.002	0.001	0.004	0.001	0.006	0.002
750.00	-0.000	-0.000	-0.000	0.014	-0.000	0.005	-0.000	0.002	0.001	0.004	0.001	0.006	0.002
751.00	-0.000	-0.000	-0.000	0.014	0.000	0.005	-0.000	0.002	0.001	0.004	0.001	0.006	0.002
752.00	-0.000	-0.000	-0.000	0.014	0.000	0.006	-0.000	0.002	0.001	0.004	0.001	0.006	0.002
753.00	-0.000	-0.000	-0.000	0.014	0.000	0.006	-0.000	0.002	0.001	0.004	0.001	0.006	0.002
754.00	-0.000	-0.000	-0.000	0.014	0.000	0.005	-0.000	0.002	0.001	0.004	0.001	0.006	0.002
755.00	-0.000	-0.000	-0.000	0.014	0.000	0.006	-0.000	0.002	0.001	0.004	0.001	0.006	0.002
756.00	-0.000	-0.000	-0.000	0.014	0.000	0.005	-0.000	0.002	0.001	0.004	0.001	0.006	0.002
757.00	-0.000	-0.000	-0.000	0.014	0.000	0.005	-0.000	0.002	0.001	0.004	0.001	0.006	0.002
758.00	-0.000	-0.000	-0.000	0.014	0.000	0.006	-0.000	0.002	0.001	0.004	0.001	0.006	0.002
759.00	0.000	0.000	0.000	0.014	0.000	0.006	0.000	0.002	0.001	0.004	0.001	0.006	0.002
760.00	0.001	0.001	0.001	0.015	0.001	0.007	0.001	0.003	0.002	0.005	0.002	0.007	0.003
761.00	0.000	0.000	0.000	0.014	0.000	0.006	0.000	0.002	0.001	0.004	0.001	0.006	0.002
762.00	-0.000	-0.000	-0.000	0.014	-0.000	0.005	-0.000	0.002	0.000	0.004	0.001	0.006	0.002
763.00	-0.000	-0.000	-0.000	0.014	0.000	0.005	-0.000	0.002	0.001	0.004	0.001	0.006	0.002
764.00	-0.000	-0.000	-0.000	0.014	0.000	0.005	-0.000	0.002	0.001	0.004	0.001	0.006	0.002
765.00	-0.000	-0.000	-0.000	0.014	0.000	0.005	-0.000	0.002	0.001	0.004	0.001	0.006	0.002
766.00	-0.000	-0.000	-0.000	0.014	0.000	0.005	-0.000	0.002	0.001	0.004	0.001	0.006	0.002
767.00	-0.000	-0.000	-0.000	0.014	0.000	0.005	-0.000	0.002	0.001	0.004	0.001	0.006	0.002
768.00	-0.000	-0.000	-0.000	0.014	0.000	0.005	-0.000	0.002	0.001	0.004	0.001	0.006	0.002
769.00	-0.000	-0.000	-0.000	0.014	-0.000	0.005	-0.000	0.002	0.001	0.004	0.001	0.006	0.002
770.00	-0.000	-0.000	-0.000	0.014	-0.000	0.005	-0.000	0.002	0.001	0.004	0.001	0.006	0.002
771.00	-0.000	-0.000	-0.000	0.014	-0.000	0.005	-0.000	0.002	0.001	0.004	0.001	0.006	0.002
772.00	-0.000	-0.000	-0.000	0.014	-0.000	0.005	-0.000	0.002	0.001	0.004	0.001	0.006	0.002
773.00	-0.000	-0.000	-0.000	0.014	0.000	0.005	-0.000	0.002	0.001	0.004	0.001	0.006	0.002
774.00	-0.000	-0.000	-0.000	0.014	0.000	0.005	-0.000	0.002	0.001	0.004	0.001	0.006	0.002
775.00	-0.000	-0.000	-0.000	0.014	0.000	0.005	-0.000	0.002	0.001	0.004	0.001	0.006	0.002
776.00	-0.000	-0.000	-0.000	0.014	0.000	0.005	-0.000	0.002	0.001	0.004	0.001	0.006	0.002
777.00	-0.000	-0.000	-0.000	0.014	0.000	0.005	-0.000	0.002	0.001	0.004	0.001	0.006	0.002
778.00	-0.000	-0.000	-0.000	0.014	-0.000	0.005	-0.000	0.002	0.001	0.004	0.001	0.006	0.002
779.00	-0.000	-0.000	-0.000	0.014	-0.000	0.005	-0.000	0.002	0.001	0.004	0.001	0.006	0.002
780.00	-0.000	-0.000	-0.000	0.014	-0.000	0.005	-0.000	0.002	0.001	0.004	0.001	0.006	0.002
781.00	-0.000	-0.000	-0.000	0.014	-0.000	0.005	-0.000	0.002	0.000	0.004	0.001	0.006	0.002
782.00	-0.000	-0.000	-0.000	0.014	-0.000	0.005	-0.000	0.002	0.000	0.003	0.001	0.006	0.002
783.00	-0.000	-0.000	-0.000	0.014	0.000	0.005	-0.000	0.002	0.001	0.004	0.001	0.006	0.002
784.00	-0.000	-0.000	-0.000	0.014	0.000	0.005	-0.000	0.002	0.001	0.004	0.001	0.006	0.002
785.00	-0.000	-0.000	-0.000	0.014	0.000	0.005	-0.000	0.002	0.001	0.004	0.001	0.006	0.002
786.00	-0.000	-0.000	-0.000	0.014	0.000	0.005	-0.000	0.002	0.001	0.004	0.001	0.006	0.002
787.00	-0.000	-0.000	-0.000	0.014	0.000	0.005	-0.000	0.002	0.001	0.004	0.001	0.006	0.002
788.00	-0.000	-0.000	-0.000	0.014	0.000	0.005	-0.000	0.002	0.001	0.004	0.001	0.006	0.002
789.00	-0.000	-0.000	-0.000	0.014	0.000	0.005	-0.000	0.002	0.001	0.004	0.001	0.006	0.002
790.00	-0.000	-0.000	-0.000	0.014	0.000	0.005	-0.000	0.002	0.001	0.004	0.001	0.006	0.002
791.00	-0.000	-0.000	-0.000	0.014	0.000	0.005	-0.000	0.002	0.001	0.004	0.001	0.006	0.002
792.00	-0.000	-0.000	-0.000	0.014	0.000	0.005	-0.000	0.002	0.001	0.004	0.001	0.006	0.002
793.00	-0.000	-0.000	-0.000	0.014	0.000	0.005	-0.000	0.002	0.001	0.004	0.001	0.006	0.002
794.00	-0.000	-0.000	-0.000	0.014	0.000	0.005	-0.000	0.002	0.001	0.004	0.001	0.006	0.002
795.00	-0.000	-0.000	-0.000	0.014	0.000	0.006	-0.000	0.002	0.001	0.004	0.001	0.006	0.002
796.00	-0.000	-0.000	-0.000	0.014	0.000	0.006	-0.000	0.002	0.001	0.004	0.001	0.006	0.002
797.00	-0.000	-0.000	-0.000	0.014	0.000	0.006	-0.000	0.002	0.001	0.004	0.001	0.006	0.002
798.00	-0.000	-0.000	-0.000	0.014	0.000	0.006	-0.000	0.002	0.001	0.004	0.001	0.006	0.002
799.00	-0.000	-0.000	-0.000	0.014	0.000	0.005	-0.000	0.002	0.001	0.004	0.001	0.006	0.002
800.00	-0.000	-0.000	-0.000	0.014	0.000	0.005	-0.000	0.002	0.001	0.004	0.001	0.006	0.002
801.00	-0.000	-0.000	-0.000	0.014	0.000	0.005	-0.000	0.002	0.001	0.004	0.001	0.006	0.002
802.00	-0.000	-0.000	-0.000	0.014	0.000	0.006	-0.000	0.002	0.001	0.004	0.001	0.006	0.002
803.00	-0.000	-0.000	-0.000	0.014	0.000	0.006	-0.000	0.002	0.001	0.004	0.001	0.006	0.002
804.00	-0.000	-0.000	-0.000	0.014	0.000	0.006	-0.000	0.002	0.001	0.004	0.001	0.006	0.002
805.00	-0.000	-0.000	-0.000	0.014	-0.000	0.005	-0.000	0.002	0.001	0.004	0.001	0.006	0.002
806.00	-0.000	-0.000	-0.000	0.014	0.000	0.005	-0.000	0.002	0.001	0.004	0.001	0.006	0.002
807.00	-0.000	-0.000	-0.000	0.014	0.000	0.005	-0.000	0.002	0.001	0.004	0.001	0.006	0.002
808.00	-0.000	-0.000	-0.000	0.014	0.000	0.005	-0.000	0.002	0.001	0.004	0.001	0.006	0.002
809.00	-0.000	-0.000	-0.000	0.014	0.000	0.006	-0.000	0.002	0.001	0.004	0.001	0.006	0.002
810.00	-0.000	-0.000	-0.000	0.014	0.000	0.006	0.000	0.002	0.001	0.004	0.001	0.006	0.002
811.00	-0.000	-0.000	-0.000	0.014	0.000	0.006	-0.000	0.002	0.001	0.004	0.001	0.006	0.002
812.00	-0.000	-0.000	-0.000	0.014	0.000	0.006	-0.000	0.002	0.001	0.004	0.001	0.006	0.002
813.00	-0.000	-0.000	-0.000	0.014	-0.000	0.005	-0.000	0.002	0.001	0.004	0.001	0.006	0.002
814.00	-0.000	-0.000	-0.000	0.014	-0.000	0.005	-0.000	0.002	0.001	0.004	0.001	0.006	0.002
815.00	-0.000	-0.000	-0.000	0.014	0.000	0.006	-0.000	0.002	0.001	0.004	0.001	0.006	0.002
816.00	-0.000	-0.000	-0.000	0.014	0.000	0.006	0.000	0.002	0.001	0.004	0.001	0.006	0.002
817.00	-0.000	-0.000	-0.000	0.014	0.000	0.006	0.000	0.002	0.001	0.004	0.001	0.006	0.002
818.00	-0.000	-0.000	-0.000	0.014	0.000	0.006	-0.000	0.002	0.001	0.004	0.001	0.006	0.002
819.00	-0.000	-0.000	0.000	0.014	0.000	0.006	0.000	0.002	0.001	0.004	0.001	0.006	0.002
820.00	-0.000	-0.000	-0.000	0.014	0.000	0.006	-0.000	0.002	0.001	0.004	0.001	0.006	0.002
821.00	-0.000	-0.000	-0.000	0.014	0.000	0.006	-0.000	0.002	0.001	0.004	0.001	0.006	0.002
822.00	-0.000	-0.000	-0.000	0.014	0.000	0.006	-0.000	0.002	0.001	0.004	0.001	0.006	0.002
823.00	-0.000	-0.000	-0.000	0.014	0.000	0.006	-0.000	0.002	0.001	0.004	0.001	0.006	0.002
824.00	-0.000	-0.000	-0.000	0.014	0.000	0.006	-0.000	0.002	0.001	0.004	0.001	0.006	0.002
825.00	-0.000	-0.000	-0.000	0.014	0.000	0.006	-0.000	0.002	0.001	0.004	0.001	0.006	0.002
826.00	0.000	-0.000	-0.000	0.014	0.000	0.006	-0.000	0.002	0.001	0.004	0.001	0.006	0.002
827.00	0.000	-0.000	0.000	0.014	0.000	0.006	-0.000	0.002	0.001	0.004	0.001	0.006	0.002
828.00	0.000	0.000	-0.000	0.014	0.000	0.006	-0.000	0.002	0.001	0.004	0.001	0.006	0.002
829.00	-0.000	-0.000	-0.000	0.014	0.000	0.006	-0.000	0.002	0.001	0.004	0.001	0.006	0.002
830.00	-0.000	-0.000	0.000	0.014	0.000	0.006	-0.000	0.002	0.001	0.004	0.001	0.006	0.002
831.00	-0.000	-0.000	-0.000	0.014	0.000	0.006	-0.000	0.002	0.001	0.004	0.001	0.006	0.002
832.00	-0.000	-0.000	-0.000	0.014	-0.000	0.006	-0.000	0.002	0.001	0.004	0.001	0.006	0.002
833.00	-0.000	-0.000	-0.000	0.014	-0.000	0.006	-0.000	0.002	0.001	0.004	0.001	0.006	0.002
834.00	-0.000	-0.000	-0.000	0.014	0.000	0.006	-0.000	0.002	0.001	0.004	0.001	0.006	0.002
835.00	0.000	0.000	-0.000	0.014	0.000	0.006	0.000	0.002	0.001	0.004	0.001	0.006	0.002
836.00	0.000	0.000	0.000	0.014	0.000	0.006	0.000	0.002	0.001	0.004	0.001	0.006	0.002
837.00	0.000	0.000	0.000	0.014	0.000	0.006	0.000	0.002	0.001	0.004	0.001	0.006	0.002
838.00	0.000	0.000	0.000	0.014	0.000	0.006	0.000	0.002	0.001	0.004	0.001	0.006	0.002
839.00	0.000	0.000	0.000	0.014	0.000	0.006	0.000	0.002	0.001	0.004	0.001	0.006	0.002
840.00	0.000	-0.000	-0.000	0.014	0.000	0.006	0.000	0.002	0.001	0.004	0.001	0.006	0.002
841.00	-0.000	-0.000	-0.000	0.014	0.000	0.006	-0.000	0.002	0.001	0.004	0.001	0.006	0.002
842.00	-0.000	-0.000	-0.000	0.014	0.000	0.006	-0.000	0.002	0.001	0.004	0.001	0.006	0.002
843.00	-0.000	-0.000	-0.000	0.014	0.000	0.006	-0.000	0.002	0.001	0.004	0.001	0.006	0.002
844.00	0.000	0.000	0.000	0.014	0.000	0.006	0.000	0.002	0.001	0.004	0.001	0.006	0.002
845.00	-0.000	0.000	-0.000	0.014	0.000	0.006	-0.000	0.002	0.001	0.004	0.001	0.006	0.002
846.00	0.000	0.000	0.000	0.014	0.000	0.006	-0.000	0.002	0.001	0.004	0.001	0.006	0.002
847.00	0.000	0.000	0.000	0.014	0.000	0.006	-0.000	0.002	0.001	0.004	0.001	0.006	0.002
848.00	0.000	-0.000	0.000	0.014	0.000	0.006	-0.000	0.002	0.001	0.004	0.001	0.006	0.002
849.00	0.000	0.000	0.000	0.014	0.000	0.006	0.000	0.002	0.001	0.004	0.001	0.006	0.002
850.00	0.000	0.000	0.000	0.014	0.000	0.006	-0.000	0.002	0.001	0.004	0.001	0.006	0.002
