190.00	-0.008	0.391	0.342	0.114	0.530	0.366	0.360	0.339	0.383	0.377	0.337	0.944	1.432	1.471
191.00	-0.011	0.364	0.313	0.107	0.500	0.339	0.335	0.304	0.354	0.351	0.318	0.897	1.355	1.433
192.00	-0.012	0.335	0.284	0.102	0.470	0.312	0.309	0.268	0.326	0.324	0.300	0.849	1.254	1.366
193.00	-0.012	0.306	0.253	0.097	0.437	0.284	0.283	0.232	0.299	0.295	0.281	0.807	1.156	1.292
194.00	-0.013	0.283	0.229	0.092	0.411	0.262	0.262	0.205	0.277	0.271	0.265	0.770	1.088	1.231
195.00	-0.013	0.261	0.207	0.088	0.387	0.243	0.241	0.181	0.255	0.250	0.253	0.735	1.019	1.180
196.00	-0.013	0.243	0.190	0.086	0.368	0.227	0.225	0.163	0.239	0.234	0.243	0.709	0.966	1.139
197.00	-0.013	0.227	0.174	0.083	0.351	0.213	0.212	0.147	0.223	0.219	0.234	0.684	0.917	1.098
198.00	-0.013	0.213	0.161	0.081	0.336	0.200	0.198	0.134	0.210	0.205	0.226	0.662	0.876	1.063
199.00	-0.013	0.201	0.150	0.079	0.324	0.190	0.188	0.124	0.199	0.195	0.219	0.642	0.840	1.037
200.00	-0.013	0.191	0.141	0.078	0.313	0.181	0.179	0.115	0.190	0.185	0.213	0.624	0.813	1.013
201.00	-0.013	0.181	0.132	0.076	0.304	0.173	0.171	0.107	0.181	0.176	0.207	0.608	0.788	0.991
202.00	-0.013	0.172	0.125	0.074	0.295	0.166	0.164	0.101	0.173	0.168	0.203	0.594	0.764	0.970
203.00	-0.012	0.165	0.118	0.073	0.287	0.160	0.158	0.096	0.167	0.162	0.198	0.580	0.743	0.948
204.00	-0.012	0.159	0.113	0.072	0.280	0.154	0.152	0.092	0.161	0.156	0.194	0.566	0.723	0.926
205.00	-0.013	0.153	0.107	0.070	0.272	0.149	0.146	0.087	0.155	0.150	0.189	0.552	0.704	0.904
206.00	-0.013	0.148	0.103	0.068	0.265	0.144	0.142	0.084	0.150	0.145	0.186	0.538	0.683	0.880
207.00	-0.013	0.143	0.098	0.067	0.258	0.140	0.138	0.081	0.146	0.141	0.181	0.523	0.661	0.856
208.00	-0.012	0.138	0.095	0.065	0.252	0.135	0.133	0.078	0.142	0.137	0.177	0.507	0.639	0.829
209.00	-0.012	0.134	0.092	0.063	0.245	0.131	0.129	0.076	0.138	0.133	0.173	0.488	0.614	0.799
210.00	-0.011	0.130	0.089	0.062	0.238	0.128	0.126	0.074	0.134	0.129	0.169	0.469	0.589	0.768
211.00	-0.011	0.126	0.086	0.060	0.231	0.124	0.122	0.071	0.130	0.125	0.165	0.448	0.561	0.734
212.00	-0.011	0.122	0.083	0.058	0.223	0.120	0.118	0.069	0.126	0.121	0.161	0.426	0.531	0.696
213.00	-0.011	0.118	0.080	0.056	0.215	0.116	0.115	0.068	0.122	0.117	0.156	0.402	0.500	0.656
214.00	-0.011	0.114	0.078	0.054	0.207	0.112	0.111	0.066	0.118	0.113	0.152	0.379	0.468	0.616
215.00	-0.011	0.111	0.076	0.053	0.199	0.109	0.107	0.065	0.114	0.109	0.148	0.355	0.435	0.574
216.00	-0.010	0.107	0.074	0.051	0.191	0.105	0.104	0.063	0.110	0.106	0.143	0.330	0.401	0.533
217.00	-0.010	0.104	0.072	0.049	0.183	0.102	0.100	0.062	0.107	0.102	0.139	0.306	0.368	0.492
218.00	-0.010	0.100	0.070	0.047	0.176	0.098	0.097	0.060	0.104	0.099	0.135	0.283	0.338	0.454
219.00	-0.010	0.097	0.068	0.046	0.170	0.095	0.094	0.059	0.100	0.096	0.131	0.261	0.309	0.417
220.00	-0.010	0.094	0.067	0.044	0.163	0.092	0.092	0.058	0.098	0.093	0.128	0.240	0.281	0.381
221.00	-0.010	0.092	0.065	0.043	0.157	0.089	0.089	0.057	0.095	0.090	0.124	0.219	0.254	0.347
222.00	-0.009	0.089	0.064	0.042	0.150	0.087	0.086	0.056	0.092	0.087	0.121	0.201	0.229	0.315
223.00	-0.009	0.086	0.062	0.040	0.145	0.084	0.084	0.055	0.089	0.085	0.117	0.184	0.205	0.285
224.00	-0.009	0.084	0.061	0.039	0.140	0.082	0.081	0.054	0.087	0.083	0.114	0.167	0.184	0.258
225.00	-0.009	0.081	0.060	0.038	0.135	0.079	0.079	0.053	0.084	0.080	0.111	0.152	0.163	0.232
226.00	-0.009	0.079	0.059	0.037	0.130	0.077	0.077	0.053	0.082	0.078	0.108	0.139	0.145	0.209
227.00	-0.009	0.077	0.057	0.036	0.126	0.075	0.075	0.051	0.080	0.076	0.106	0.126	0.129	0.188
228.00	-0.009	0.075	0.056	0.035	0.122	0.073	0.073	0.050	0.078	0.074	0.103	0.115	0.114	0.170
229.00	-0.009	0.073	0.055	0.034	0.118	0.071	0.071	0.050	0.076	0.072	0.101	0.105	0.101	0.154
230.00	-0.009	0.071	0.054	0.033	0.114	0.069	0.069	0.049	0.074	0.070	0.098	0.096	0.090	0.139
231.00	-0.009	0.069	0.053	0.032	0.111	0.068	0.067	0.048	0.073	0.068	0.096	0.088	0.080	0.127
232.00	-0.009	0.068	0.052	0.031	0.108	0.066	0.066	0.047	0.071	0.066	0.094	0.081	0.072	0.116
233.00	-0.009	0.066	0.051	0.031	0.105	0.065	0.065	0.046	0.070	0.065	0.092	0.075	0.064	0.107
234.00	-0.009	0.064	0.050	0.030	0.103	0.063	0.063	0.045	0.068	0.063	0.090	0.070	0.058	0.099
235.00	-0.009	0.063	0.049	0.029	0.101	0.062	0.062	0.044	0.067	0.062	0.089	0.066	0.053	0.092
236.00	-0.009	0.062	0.048	0.029	0.099	0.061	0.061	0.043	0.066	0.061	0.087	0.062	0.049	0.087
237.00	-0.009	0.061	0.047	0.028	0.097	0.060	0.060	0.042	0.065	0.060	0.086	0.059	0.045	0.082
238.00	-0.008	0.059	0.046	0.028	0.095	0.058	0.058	0.042	0.063	0.059	0.085	0.057	0.042	0.078
239.00	-0.008	0.058	0.045	0.027	0.093	0.057	0.058	0.041	0.062	0.058	0.084	0.054	0.040	0.074
240.00	-0.008	0.058	0.045	0.027	0.092	0.057	0.057	0.040	0.061	0.057	0.083	0.052	0.038	0.071
241.00	-0.008	0.057	0.044	0.027	0.090	0.056	0.056	0.040	0.061	0.056	0.082	0.051	0.036	0.069
242.00	-0.008	0.056	0.043	0.026	0.089	0.055	0.055	0.039	0.060	0.055	0.081	0.049	0.035	0.067
243.00	-0.008	0.055	0.043	0.026	0.088	0.054	0.054	0.038	0.059	0.054	0.080	0.048	0.033	0.065
244.00	-0.008	0.055	0.042	0.026	0.086	0.054	0.053	0.038	0.058	0.053	0.079	0.047	0.032	0.063
245.00	-0.008	0.054	0.042	0.025	0.085	0.053	0.053	0.037	0.058	0.053	0.078	0.046	0.031	0.062
246.00	-0.008	0.053	0.041	0.025	0.084	0.052	0.052	0.037	0.057	0.052	0.078	0.045	0.031	0.060
247.00	-0.008	0.053	0.041	0.024	0.083	0.052	0.052	0.036	0.056	0.052	0.077	0.044	0.030	0.059
248.00	-0.008	0.052	0.040	0.024	0.083	0.051	0.051	0.036	0.056	0.051	0.076	0.043	0.029	0.058
249.00	-0.008	0.052	0.040	0.024	0.082	0.051	0.051	0.035	0.055	0.051	0.076	0.043	0.029	0.057
250.00	-0.008	0.051	0.040	0.024	0.081	0.050	0.050	0.035	0.055	0.050	0.075	0.042	0.028	0.057
251.00	-0.008	0.051	0.039	0.024	0.080	0.050	0.050	0.035	0.055	0.050	0.075	0.041	0.028	0.056
252.00	-0.008	0.050	0.039	0.023	0.080	0.049	0.050	0.034	0.054	0.050	0.074	0.041	0.028	0.055
253.00	-0.007	0.050	0.039	0.023	0.079	0.049	0.049	0.034	0.054	0.049	0.074	0.040	0.027	0.055
254.00	-0.007	0.050	0.038	0.023	0.078	0.049	0.049	0.033	0.053	0.049	0.073	0.040	0.027	0.054
255.00	-0.007	0.049	0.038	0.023	0.077	0.048	0.048	0.033	0.053	0.048	0.073	0.039	0.027	0.053
256.00	-0.007	0.049	0.038	0.023	0.077	0.048	0.048	0.033	0.052	0.048	0.072	0.039	0.026	0.053
257.00	-0.007	0.048	0.037	0.022	0.076	0.047	0.048	0.032	0.052	0.047	0.071	0.038	0.026	0.052
258.00	-0.007	0.048	0.037	0.022	0.075	0.047	0.047	0.032	0.051	0.047	0.071	0.038	0.026	0.052
259.00	-0.007	0.048	0.037	0.022	0.075	0.046	0.047	0.032	0.051	0.047	0.071	0.038	0.026	0.051
260.00	-0.007	0.047	0.036	0.021	0.074	0.046	0.046	0.031	0.050	0.046	0.070	0.037	0.026	0.051
261.00	-0.007	0.046	0.036	0.021	0.073	0.045	0.046	0.031	0.050	0.046	0.069	0.037	0.025	0.050
262.00	-0.007	0.046	0.035	0.021	0.073	0.045	0.045	0.031	0.049	0.045	0.069	0.036	0.025	0.050
263.00	-0.007	0.046	0.035	0.021	0.072	0.044	0.045	0.030	0.049	0.045	0.069	0.036	0.025	0.049
264.00	-0.007	0.045	0.034	0.020	0.071	0.044	0.044	0.030	0.048	0.044	0.068	0.035	0.025	0.049
265.00	-0.007	0.044	0.034	0.020	0.070	0.043	0.044	0.029	0.048	0.044	0.067	0.035	0.024	0.048
266.00	-0.007	0.044	0.033	0.019	0.069	0.043	0.043	0.029	0.047	0.043	0.067	0.034	0.024	0.048
267.00	-0.007	0.043	0.033	0.019	0.069	0.042	0.043	0.029	0.046	0.042	0.066	0.034	0.024	0.047
268.00	-0.007	0.042	0.032	0.019	0.068	0.041	0.042	0.029	0.046	0.042	0.065	0.034	0.024	0.047
269.00	-0.007	0.042	0.032	0.018	0.067	0.041	0.042	0.028	0.045	0.041	0.065	0.033	0.023	0.046
270.00	-0.007	0.041	0.031	0.018	0.066	0.040	0.041	0.028	0.044	0.041	0.064	0.033	0.023	0.046
271.00	-0.007	0.041	0.031	0.018	0.065	0.040	0.040	0.028	0.044	0.040	0.064	0.032	0.023	0.045
272.00	-0.007	0.040	0.030	0.018	0.065	0.039	0.040	0.027	0.043	0.039	0.063	0.032	0.023	0.044
273.00	-0.007	0.040	0.030	0.017	0.064	0.038	0.039	0.027	0.043	0.039	0.062	0.032	0.022	0.044
274.00	-0.007	0.039	0.029	0.017	0.063	0.038	0.038	0.027	0.042	0.038	0.062	0.031	0.022	0.044
275.00	-0.007	0.038	0.028	0.017	0.062	0.037	0.038	0.026	0.041	0.037	0.061	0.030	0.022	0.043
276.00	-0.007	0.037	0.028	0.017	0.061	0.036	0.037	0.026	0.040	0.037	0.060	0.030	0.021	0.043
277.00	-0.007	0.037	0.027	0.016	0.060	0.036	0.036	0.026	0.040	0.036	0.059	0.029	0.021	0.042
278.00	-0.007	0.036	0.026	0.016	0.059	0.035	0.035	0.025	0.039	0.035	0.059	0.029	0.021	0.041
279.00	-0.006	0.035	0.026	0.015	0.059	0.034	0.035	0.025	0.039	0.035	0.058	0.029	0.020	0.041
280.00	-0.007	0.035	0.026	0.015	0.058	0.034	0.034	0.025	0.038	0.034	0.057	0.028	0.020	0.040
281.00	-0.007	0.034	0.025	0.015	0.057	0.033	0.034	0.024	0.037	0.033	0.057	0.028	0.020	0.040
282.00	-0.006	0.033	0.024	0.015	0.056	0.033	0.033	0.024	0.037	0.033	0.056	0.027	0.020	0.039
283.00	-0.006	0.033	0.024	0.014	0.055	0.032	0.032	0.024	0.036	0.032	0.055	0.027	0.019	0.039
284.00	-0.006	0.032	0.023	0.014	0.054	0.031	0.032	0.023	0.035	0.031	0.054	0.026	0.019	0.038
285.00	-0.006	0.031	0.022	0.014	0.053	0.030	0.031	0.023	0.034	0.030	0.053	0.026	0.019	0.038
286.00	-0.006	0.031	0.022	0.014	0.053	0.030	0.030	0.023	0.034	0.030	0.053	0.026	0.018	0.037
287.00	-0.006	0.030	0.021	0.013	0.052	0.029	0.030	0.022	0.033	0.029	0.052	0.025	0.018	0.036
288.00	-0.006	0.029	0.020	0.013	0.051	0.028	0.029	0.022	0.032	0.028	0.051	0.025	0.017	0.036
289.00	-0.006	0.028	0.020	0.013	0.050	0.028	0.028	0.021	0.031	0.028	0.050	0.024	0.017	0.035
290.00	-0.006	0.028	0.019	0.012	0.049	0.027	0.028	0.021	0.031	0.027	0.050	0.024	0.017	0.035
291.00	-0.006	0.027	0.019	0.012	0.048	0.026	0.027	0.020	0.030	0.026	0.049	0.023	0.016	0.034
292.00	-0.006	0.026	0.018	0.012	0.047	0.026	0.026	0.020	0.030	0.026	0.048	0.023	0.016	0.034
293.00	-0.006	0.026	0.018	0.011	0.047	0.025	0.026	0.020	0.029	0.025	0.047	0.022	0.016	0.033
294.00	-0.006	0.025	0.017	0.011	0.046	0.024	0.025	0.019	0.028	0.024	0.046	0.022	0.015	0.032
295.00	-0.006	0.025	0.017	0.011	0.045	0.024	0.025	0.019	0.028	0.024	0.046	0.022	0.015	0.032
296.00	-0.006	0.024	0.016	0.010	0.044	0.023	0.024	0.019	0.027	0.024	0.045	0.021	0.014	0.031
297.00	-0.006	0.024	0.016	0.010	0.044	0.023	0.024	0.019	0.027	0.023	0.044	0.021	0.014	0.031
298.00	-0.006	0.023	0.015	0.010	0.043	0.022	0.023	0.018	0.026	0.023	0.044	0.020	0.014	0.031
299.00	-0.006	0.023	0.015	0.010	0.042	0.022	0.023	0.018	0.026	0.022	0.043	0.020	0.013	0.030
300.00	-0.006	0.022	0.014	0.010	0.041	0.021	0.022	0.018	0.025	0.021	0.042	0.020	0.013	0.029
301.00	-0.006	0.022	0.014	0.010	0.041	0.021	0.022	0.017	0.024	0.021	0.042	0.019	0.013	0.029
302.00	-0.006	0.021	0.013	0.009	0.040	0.020	0.021	0.017	0.024	0.021	0.041	0.019	0.013	0.028
303.00	-0.006	0.021	0.013	0.009	0.039	0.020	0.021	0.016	0.023	0.020	0.040	0.019	0.012	0.028
304.00	-0.006	0.020	0.013	0.009	0.039	0.020	0.020	0.016	0.023	0.020	0.040	0.018	0.012	0.027
305.00	-0.006	0.020	0.013	0.009	0.038	0.019	0.020	0.016	0.023	0.019	0.039	0.018	0.012	0.027
306.00	-0.006	0.019	0.012	0.009	0.038	0.019	0.020	0.016	0.023	0.019	0.038	0.018	0.012	0.027
307.00	-0.005	0.019	0.012	0.008	0.037	0.019	0.020	0.016	0.022	0.019	0.038	0.018	0.011	0.026
308.00	-0.005	0.019	0.012	0.008	0.037	0.018	0.019	0.016	0.022	0.018	0.037	0.017	0.011	0.026
309.00	-0.005	0.019	0.011	0.008	0.036	0.018	0.019	0.015	0.021	0.018	0.037	0.017	0.011	0.025
310.00	-0.005	0.018	0.011	0.008	0.036	0.018	0.018	0.015	0.021	0.017	0.036	0.016	0.011	0.025
311.00	-0.005	0.018	0.011	0.008	0.035	0.017	0.018	0.015	0.021	0.017	0.036	0.016	0.010	0.024
312.00	-0.005	0.017	0.011	0.008	0.034	0.017	0.018	0.015	0.020	0.017	0.035	0.016	0.010	0.024
313.00	-0.005	0.017	0.010	0.008	0.034	0.016	0.018	0.015	0.020	0.017	0.035	0.016	0.010	0.024
314.00	-0.005	0.017	0.010	0.007	0.033	0.016	0.017	0.014	0.019	0.016	0.034	0.015	0.010	0.023
315.00	-0.005	0.017	0.010	0.007	0.033	0.016	0.017	0.014	0.019	0.016	0.034	0.015	0.009	0.023
316.00	-0.005	0.016	0.010	0.007	0.032	0.016	0.017	0.014	0.019	0.016	0.033	0.015	0.009	0.023
317.00	-0.005	0.016	0.010	0.007	0.032	0.016	0.016	0.014	0.019	0.015	0.033	0.014	0.009	0.022
318.00	-0.005	0.016	0.009	0.007	0.032	0.015	0.016	0.014	0.019	0.015	0.033	0.014	0.009	0.022
319.00	-0.005	0.015	0.009	0.006	0.031	0.015	0.016	0.014	0.018	0.015	0.032	0.014	0.009	0.021
320.00	-0.005	0.015	0.009	0.006	0.030	0.015	0.015	0.013	0.018	0.015	0.032	0.014	0.008	0.021
321.00	-0.005	0.015	0.008	0.006	0.030	0.014	0.015	0.013	0.018	0.014	0.031	0.013	0.008	0.021
322.00	-0.005	0.014	0.008	0.006	0.029	0.014	0.015	0.013	0.017	0.014	0.031	0.013	0.008	0.020
323.00	-0.005	0.014	0.008	0.006	0.029	0.014	0.015	0.013	0.017	0.014	0.030	0.013	0.008	0.020
324.00	-0.005	0.014	0.008	0.006	0.029	0.014	0.015	0.013	0.017	0.014	0.030	0.013	0.008	0.020
325.00	-0.005	0.014	0.008	0.006	0.029	0.013	0.014	0.013	0.017	0.014	0.030	0.012	0.008	0.019
326.00	-0.005	0.013	0.007	0.006	0.028	0.013	0.014	0.012	0.016	0.013	0.029	0.012	0.007	0.019
327.00	-0.005	0.013	0.007	0.006	0.027	0.013	0.014	0.012	0.016	0.013	0.029	0.012	0.007	0.019
328.00	-0.005	0.013	0.007	0.005	0.027	0.013	0.014	0.012	0.016	0.013	0.029	0.012	0.007	0.019
329.00	-0.004	0.013	0.007	0.005	0.027	0.013	0.013	0.012	0.016	0.013	0.029	0.011	0.007	0.018
330.00	-0.005	0.012	0.007	0.005	0.026	0.012	0.013	0.011	0.015	0.012	0.028	0.011	0.007	0.018
331.00	-0.005	0.012	0.007	0.005	0.026	0.012	0.013	0.011	0.015	0.012	0.028	0.011	0.007	0.017
332.00	-0.004	0.012	0.007	0.005	0.026	0.012	0.012	0.011	0.015	0.012	0.027	0.011	0.007	0.017
333.00	-0.004	0.012	0.006	0.005	0.025	0.011	0.013	0.011	0.015	0.012	0.027	0.011	0.007	0.017
334.00	-0.005	0.012	0.006	0.005	0.025	0.011	0.012	0.011	0.014	0.011	0.027	0.010	0.006	0.016
335.00	-0.005	0.011	0.006	0.005	0.024	0.011	0.012	0.010	0.014	0.011	0.026	0.010	0.006	0.016
336.00	-0.005	0.011	0.006	0.005	0.024	0.011	0.012	0.010	0.014	0.011	0.026	0.010	0.006	0.016
337.00	-0.005	0.010	0.006	0.004	0.023	0.011	0.011	0.010	0.013	0.010	0.026	0.010	0.006	0.016
338.00	-0.005	0.010	0.006	0.004	0.023	0.010	0.011	0.010	0.013	0.010	0.026	0.009	0.005	0.015
339.00	-0.004	0.011	0.006	0.005	0.023	0.010	0.011	0.010	0.013	0.010	0.026	0.010	0.006	0.015
340.00	-0.003	0.012	0.007	0.005	0.024	0.011	0.012	0.011	0.014	0.011	0.026	0.010	0.007	0.016
341.00	-0.004	0.010	0.005	0.004	0.022	0.010	0.011	0.010	0.013	0.010	0.025	0.009	0.005	0.015
342.00	-0.004	0.010	0.005	0.004	0.022	0.010	0.010	0.009	0.012	0.010	0.024	0.008	0.005	0.014
343.00	-0.004	0.009	0.005	0.004	0.021	0.009	0.010	0.009	0.012	0.009	0.024	0.008	0.004	0.013
344.00	-0.004	0.010	0.005	0.004	0.021	0.009	0.010	0.009	0.012	0.009	0.024	0.008	0.005	0.014
345.00	-0.004	0.009	0.005	0.004	0.020	0.009	0.010	0.009	0.012	0.009	0.023	0.008	0.005	0.013
346.00	-0.004	0.009	0.004	0.003	0.020	0.009	0.009	0.008	0.012	0.008	0.023	0.008	0.004	0.013
347.00	-0.004	0.009	0.004	0.003	0.020	0.009	0.010	0.008	0.012	0.009	0.023	0.008	0.004	0.013
348.00	-0.004	0.009	0.004	0.003	0.020	0.009	0.009	0.008	0.011	0.008	0.023	0.007	0.004	0.012
349.00	-0.004	0.009	0.004	0.003	0.019	0.008	0.009	0.008	0.011	0.008	0.023	0.007	0.004	0.012
350.00	-0.004	0.009	0.004	0.003	0.019	0.009	0.009	0.008	0.011	0.008	0.022	0.007	0.004	0.012
351.00	-0.004	0.008	0.004	0.003	0.019	0.008	0.009	0.008	0.011	0.008	0.022	0.007	0.004	0.012
352.00	-0.004	0.008	0.004	0.003	0.018	0.008	0.009	0.008	0.011	0.008	0.022	0.007	0.004	0.012
353.00	-0.004	0.008	0.004	0.003	0.018	0.008	0.009	0.008	0.011	0.008	0.022	0.007	0.004	0.012
354.00	-0.004	0.008	0.004	0.003	0.018	0.008	0.008	0.007	0.011	0.008	0.021	0.006	0.003	0.011
355.00	-0.004	0.008	0.004	0.003	0.018	0.008	0.008	0.007	0.010	0.008	0.021	0.006	0.003	0.011
356.00	-0.004	0.008	0.003	0.003	0.017	0.007	0.008	0.007	0.010	0.007	0.021	0.006	0.003	0.011
357.00	-0.004	0.008	0.004	0.003	0.017	0.007	0.008	0.007	0.010	0.008	0.021	0.006	0.003	0.010
358.00	-0.004	0.007	0.004	0.003	0.017	0.007	0.008	0.007	0.010	0.007	0.021	0.006	0.003	0.010
359.00	-0.004	0.007	0.004	0.003	0.017	0.007	0.008	0.007	0.010	0.007	0.020	0.006	0.003	0.010
360.00	-0.003	0.007	0.004	0.003	0.016	0.007	0.008	0.007	0.010	0.007	0.020	0.006	0.003	0.010
361.00	-0.003	0.007	0.003	0.003	0.017	0.007	0.008	0.007	0.010	0.007	0.020	0.006	0.003	0.010
362.00	-0.004	0.007	0.003	0.003	0.016	0.007	0.007	0.006	0.010	0.007	0.020	0.005	0.002	0.009
363.00	-0.003	0.007	0.003	0.003	0.016	0.007	0.008	0.007	0.009	0.007	0.020	0.006	0.003	0.010
364.00	-0.003	0.007	0.003	0.002	0.016	0.007	0.007	0.007	0.009	0.007	0.020	0.005	0.003	0.009
365.00	-0.003	0.007	0.003	0.002	0.015	0.007	0.007	0.006	0.010	0.006	0.019	0.005	0.003	0.009
366.00	-0.003	0.007	0.003	0.003	0.015	0.007	0.007	0.006	0.009	0.007	0.019	0.005	0.003	0.009
367.00	-0.003	0.007	0.003	0.003	0.015	0.006	0.007	0.006	0.009	0.006	0.019	0.005	0.003	0.009
368.00	-0.003	0.007	0.003	0.003	0.015	0.006	0.007	0.006	0.009	0.006	0.019	0.005	0.003	0.009
369.00	-0.003	0.006	0.003	0.003	0.015	0.006	0.007	0.006	0.009	0.006	0.019	0.005	0.002	0.008
370.00	-0.003	0.006	0.003	0.002	0.014	0.006	0.007	0.006	0.009	0.006	0.018	0.004	0.002	0.008
371.00	-0.003	0.006	0.003	0.002	0.014	0.006	0.007	0.006	0.009	0.006	0.018	0.004	0.002	0.008
372.00	-0.003	0.006	0.003	0.002	0.014	0.006	0.007	0.006	0.009	0.006	0.018	0.005	0.002	0.008
373.00	-0.003	0.006	0.003	0.002	0.014	0.006	0.006	0.006	0.009	0.006	0.018	0.005	0.002	0.008
374.00	-0.003	0.006	0.003	0.002	0.014	0.006	0.006	0.005	0.008	0.006	0.018	0.004	0.002	0.008
375.00	-0.003	0.006	0.003	0.002	0.013	0.006	0.006	0.005	0.008	0.005	0.018	0.004	0.002	0.008
376.00	-0.003	0.006	0.003	0.002	0.013	0.006	0.006	0.005	0.008	0.005	0.018	0.004	0.002	0.007
377.00	-0.003	0.006	0.002	0.002	0.013	0.005	0.006	0.005	0.008	0.005	0.018	0.004	0.002	0.007
378.00	-0.003	0.006	0.002	0.002	0.013	0.005	0.006	0.005	0.008	0.005	0.017	0.004	0.002	0.007
379.00	-0.003	0.005	0.002	0.002	0.012	0.005	0.006	0.005	0.008	0.005	0.017	0.004	0.002	0.007
380.00	-0.003	0.005	0.002	0.002	0.012	0.005	0.006	0.005	0.008	0.005	0.017	0.004	0.002	0.007
381.00	-0.003	0.005	0.002	0.002	0.012	0.005	0.006	0.005	0.008	0.005	0.017	0.004	0.002	0.007
382.00	-0.003	0.005	0.002	0.002	0.012	0.005	0.006	0.005	0.008	0.005	0.017	0.004	0.002	0.007
383.00	-0.003	0.005	0.002	0.002	0.012	0.005	0.005	0.005	0.007	0.005	0.016	0.004	0.002	0.007
384.00	-0.003	0.005	0.002	0.002	0.012	0.005	0.006	0.005	0.007	0.005	0.016	0.004	0.002	0.007
385.00	-0.003	0.005	0.002	0.002	0.012	0.005	0.005	0.005	0.007	0.005	0.016	0.003	0.002	0.006
386.00	-0.003	0.005	0.002	0.002	0.011	0.005	0.005	0.005	0.007	0.005	0.016	0.004	0.001	0.006
387.00	-0.003	0.004	0.002	0.002	0.011	0.004	0.005	0.005	0.007	0.005	0.016	0.003	0.001	0.006
388.00	-0.003	0.004	0.002	0.002	0.011	0.005	0.005	0.005	0.007	0.004	0.016	0.003	0.001	0.006
389.00	-0.002	0.005	0.002	0.002	0.011	0.004	0.005	0.005	0.007	0.004	0.016	0.003	0.001	0.006
390.00	-0.003	0.004	0.002	0.002	0.011	0.004	0.005	0.004	0.007	0.004	0.016	0.003	0.001	0.006
391.00	-0.003	0.004	0.002	0.002	0.011	0.004	0.005	0.004	0.007	0.004	0.015	0.003	0.001	0.006
392.00	-0.003	0.004	0.002	0.001	0.010	0.004	0.005	0.004	0.007	0.004	0.015	0.003	0.001	0.006
393.00	-0.003	0.004	0.002	0.001	0.010	0.004	0.005	0.004	0.006	0.004	0.015	0.003	0.001	0.005
394.00	-0.003	0.004	0.002	0.002	0.010	0.004	0.005	0.004	0.007	0.004	0.015	0.003	0.001	0.005
395.00	-0.002	0.004	0.002	0.002	0.010	0.004	0.005	0.004	0.007	0.004	0.015	0.003	0.001	0.005
396.00	-0.002	0.004	0.002	0.002	0.010	0.004	0.005	0.004	0.007	0.004	0.015	0.003	0.001	0.005
397.00	-0.002	0.004	0.002	0.001	0.010	0.004	0.004	0.004	0.006	0.004	0.015	0.003	0.001	0.005
398.00	-0.002	0.004	0.002	0.001	0.010	0.004	0.004	0.004	0.006	0.004	0.015	0.003	0.001	0.005
399.00	-0.002	0.004	0.002	0.001	0.010	0.004	0.004	0.004	0.006	0.004	0.014	0.003	0.001	0.005
400.00	-0.002	0.004	0.002	0.001	0.009	0.004	0.004	0.004	0.006	0.003	0.014	0.003	0.001	0.005
401.00	-0.002	0.004	0.002	0.001	0.009	0.004	0.004	0.004	0.006	0.004	0.014	0.003	0.001	0.005
402.00	-0.002	0.004	0.002	0.002	0.009	0.004	0.004	0.004	0.006	0.004	0.014	0.003	0.001	0.005
403.00	-0.002	0.004	0.002	0.002	0.009	0.004	0.004	0.004	0.006	0.003	0.014	0.003	0.001	0.005
404.00	-0.002	0.004	0.002	0.002	0.009	0.004	0.004	0.004	0.006	0.004	0.014	0.002	0.001	0.005
405.00	-0.002	0.004	0.002	0.001	0.009	0.004	0.004	0.004	0.006	0.003	0.014	0.002	0.001	0.004
406.00	-0.002	0.004	0.002	0.002	0.009	0.003	0.004	0.004	0.006	0.003	0.014	0.002	0.001	0.004
407.00	-0.002	0.004	0.002	0.001	0.009	0.003	0.004	0.004	0.006	0.003	0.014	0.002	0.001	0.004
408.00	-0.002	0.004	0.002	0.002	0.009	0.003	0.004	0.004	0.006	0.003	0.014	0.002	0.001	0.004
409.00	-0.002	0.003	0.002	0.001	0.008	0.003	0.004	0.004	0.006	0.003	0.014	0.002	0.001	0.004
410.00	-0.002	0.003	0.002	0.002	0.008	0.003	0.004	0.004	0.006	0.003	0.014	0.002	0.001	0.004
411.00	-0.002	0.003	0.002	0.001	0.008	0.003	0.004	0.003	0.006	0.003	0.014	0.002	0.001	0.004
412.00	-0.002	0.003	0.002	0.001	0.008	0.003	0.004	0.004	0.006	0.003	0.014	0.002	0.001	0.004
413.00	-0.002	0.003	0.002	0.002	0.008	0.003	0.004	0.004	0.006	0.003	0.014	0.002	0.001	0.004
414.00	-0.002	0.003	0.002	0.002	0.008	0.004	0.004	0.004	0.006	0.003	0.013	0.002	0.001	0.004
415.00	-0.002	0.003	0.002	0.002	0.008	0.003	0.004	0.004	0.006	0.003	0.013	0.002	0.001	0.004
416.00	-0.002	0.003	0.002	0.002	0.008	0.003	0.004	0.004	0.006	0.003	0.013	0.002	0.001	0.004
417.00	-0.002	0.003	0.002	0.001	0.008	0.003	0.004	0.003	0.006	0.003	0.013	0.002	0.000	0.004
418.00	-0.002	0.003	0.002	0.002	0.008	0.003	0.004	0.003	0.005	0.003	0.013	0.002	0.001	0.004
419.00	-0.002	0.003	0.002	0.002	0.008	0.003	0.004	0.003	0.005	0.003	0.013	0.002	0.001	0.004
420.00	-0.002	0.003	0.001	0.001	0.007	0.003	0.004	0.003	0.005	0.003	0.013	0.002	0.001	0.003
421.00	-0.002	0.003	0.001	0.001	0.007	0.003	0.004	0.003	0.005	0.003	0.013	0.002	0.001	0.003
422.00	-0.002	0.003	0.002	0.001	0.007	0.003	0.004	0.003	0.005	0.003	0.013	0.002	0.000	0.003
423.00	-0.001	0.003	0.002	0.002	0.007	0.003	0.004	0.003	0.005	0.003	0.013	0.002	0.001	0.003
424.00	-0.001	0.003	0.002	0.002	0.007	0.003	0.004	0.003	0.005	0.003	0.013	0.002	0.001	0.003
425.00	-0.001	0.003	0.001	0.002	0.007	0.003	0.004	0.003	0.005	0.003	0.013	0.002	0.000	0.003
426.00	-0.001	0.003	0.001	0.002	0.007	0.003	0.003	0.003	0.005	0.003	0.013	0.002	0.000	0.003
427.00	-0.001	0.003	0.002	0.002	0.007	0.003	0.004	0.003	0.005	0.003	0.013	0.002	0.000	0.003
428.00	-0.001	0.003	0.001	0.002	0.007	0.003	0.003	0.003	0.005	0.003	0.012	0.002	0.000	0.003
429.00	-0.001	0.003	0.001	0.001	0.007	0.003	0.003	0.003	0.005	0.003	0.012	0.002	0.000	0.003
430.00	-0.001	0.003	0.001	0.001	0.007	0.003	0.003	0.003	0.005	0.003	0.012	0.002	0.000	0.003
431.00	-0.001	0.003	0.001	0.002	0.007	0.003	0.003	0.003	0.005	0.003	0.012	0.002	0.000	0.003
432.00	-0.001	0.003	0.002	0.002	0.007	0.003	0.003	0.003	0.005	0.003	0.012	0.002	0.001	0.003
433.00	-0.001	0.003	0.002	0.002	0.007	0.003	0.003	0.003	0.005	0.003	0.012	0.002	0.001	0.003
434.00	-0.001	0.003	0.001	0.001	0.007	0.003	0.003	0.003	0.005	0.003	0.012	0.002	0.000	0.003
435.00	-0.001	0.003	0.001	0.001	0.006	0.003	0.003	0.003	0.005	0.002	0.012	0.002	0.000	0.003
436.00	-0.001	0.003	0.001	0.001	0.006	0.003	0.003	0.003	0.005	0.002	0.012	0.002	0.000	0.003
437.00	-0.001	0.003	0.001	0.001	0.006	0.003	0.003	0.003	0.005	0.002	0.012	0.001	0.000	0.003
438.00	-0.001	0.003	0.001	0.001	0.006	0.003	0.003	0.003	0.005	0.002	0.012	0.001	0.000	0.003
439.00	-0.001	0.003	0.001	0.001	0.006	0.003	0.003	0.003	0.005	0.002	0.012	0.001	0.000	0.003
440.00	-0.001	0.003	0.001	0.001	0.006	0.003	0.003	0.003	0.005	0.002	0.012	0.001	0.000	0.003
441.00	-0.001	0.002	0.001	0.001	0.006	0.003	0.003	0.003	0.005	0.002	0.012	0.001	0.000	0.003
442.00	-0.001	0.002	0.001	0.001	0.006	0.003	0.003	0.003	0.005	0.002	0.012	0.001	0.000	0.003
443.00	-0.001	0.002	0.001	0.001	0.006	0.003	0.003	0.003	0.005	0.002	0.011	0.001	0.000	0.003
444.00	-0.001	0.002	0.001	0.001	0.006	0.002	0.003	0.003	0.005	0.002	0.012	0.001	0.000	0.002
445.00	-0.001	0.002	0.001	0.001	0.006	0.002	0.003	0.003	0.004	0.002	0.011	0.001	0.000	0.002
446.00	-0.001	0.002	0.001	0.001	0.006	0.002	0.003	0.003	0.004	0.002	0.011	0.001	0.000	0.002
447.00	-0.001	0.002	0.001	0.001	0.006	0.002	0.003	0.003	0.004	0.002	0.011	0.001	0.000	0.002
448.00	-0.001	0.002	0.001	0.001	0.006	0.002	0.003	0.003	0.004	0.002	0.011	0.001	0.000	0.002
449.00	-0.001	0.002	0.001	0.001	0.005	0.002	0.003	0.003	0.004	0.002	0.011	0.001	0.000	0.002
450.00	-0.001	0.002	0.001	0.001	0.005	0.002	0.003	0.002	0.004	0.002	0.011	0.001	0.000	0.002
451.00	-0.001	0.002	0.001	0.001	0.005	0.002	0.003	0.002	0.004	0.002	0.011	0.001	0.000	0.002
452.00	-0.001	0.002	0.001	0.001	0.005	0.002	0.003	0.002	0.004	0.002	0.011	0.001	0.000	0.002
453.00	-0.001	0.002	0.001	0.001	0.005	0.002	0.003	0.002	0.004	0.002	0.011	0.001	0.000	0.002
454.00	-0.001	0.002	0.001	0.001	0.005	0.002	0.003	0.002	0.004	0.002	0.011	0.001	0.000	0.002
455.00	-0.001	0.002	0.001	0.001	0.005	0.002	0.003	0.002	0.004	0.002	0.011	0.001	0.000	0.002
456.00	-0.001	0.002	0.001	0.001	0.005	0.002	0.003	0.002	0.004	0.002	0.011	0.001	0.000	0.002
457.00	-0.001	0.002	0.001	0.001	0.005	0.002	0.002	0.002	0.004	0.002	0.011	0.001	0.000	0.002
458.00	-0.001	0.002	0.001	0.001	0.005	0.002	0.002	0.002	0.004	0.002	0.011	0.001	0.000	0.002
459.00	-0.001	0.002	0.001	0.001	0.005	0.002	0.002	0.002	0.004	0.002	0.011	0.001	0.000	0.002
460.00	-0.001	0.002	0.001	0.001	0.005	0.002	0.002	0.002	0.004	0.002	0.011	0.001	0.000	0.002
461.00	-0.001	0.002	0.001	0.001	0.005	0.002	0.002	0.002	0.004	0.002	0.011	0.001	0.000	0.002
462.00	-0.001	0.002	0.001	0.001	0.005	0.002	0.002	0.002	0.004	0.002	0.011	0.001	0.000	0.002
463.00	-0.001	0.002	0.001	0.001	0.005	0.002	0.002	0.002	0.004	0.002	0.011	0.001	0.000	0.002
464.00	-0.001	0.002	0.001	0.001	0.005	0.002	0.002	0.002	0.004	0.002	0.011	0.001	0.000	0.002
465.00	-0.001	0.002	0.001	0.001	0.005	0.002	0.002	0.002	0.004	0.002	0.010	0.001	0.000	0.002
466.00	-0.001	0.002	0.001	0.001	0.005	0.002	0.002	0.002	0.004	0.001	0.010	0.001	-0.000	0.002
467.00	-0.001	0.002	0.001	0.001	0.005	0.002	0.002	0.002	0.004	0.001	0.010	0.001	0.000	0.002
468.00	-0.001	0.002	0.001	0.001	0.004	0.002	0.002	0.002	0.004	0.001	0.010	0.001	0.000	0.002
469.00	-0.001	0.002	0.001	0.001	0.004	0.002	0.002	0.002	0.004	0.001	0.010	0.001	0.000	0.002
470.00	-0.001	0.002	0.001	0.001	0.004	0.002	0.002	0.002	0.004	0.001	0.010	0.001	0.000	0.002
471.00	-0.001	0.002	0.001	0.001	0.004	0.002	0.002	0.002	0.004	0.002	0.010	0.001	0.000	0.002
472.00	-0.001	0.002	0.001	0.001	0.004	0.002	0.002	0.002	0.004	0.001	0.010	0.001	-0.000	0.002
473.00	-0.001	0.002	0.001	0.001	0.004	0.002	0.002	0.002	0.004	0.001	0.010	0.001	-0.000	0.002
474.00	-0.001	0.002	0.001	0.001	0.004	0.002	0.002	0.002	0.004	0.001	0.010	0.001	-0.000	0.002
475.00	-0.001	0.002	0.001	0.001	0.004	0.002	0.002	0.002	0.004	0.001	0.010	0.001	-0.000	0.002
476.00	-0.001	0.002	0.001	0.001	0.004	0.002	0.002	0.002	0.004	0.001	0.010	0.001	-0.000	0.002
477.00	-0.001	0.002	0.001	0.001	0.004	0.002	0.002	0.002	0.004	0.001	0.010	0.001	-0.000	0.002
478.00	-0.001	0.002	0.001	0.001	0.004	0.002	0.002	0.002	0.004	0.001	0.010	0.001	-0.000	0.002
479.00	-0.001	0.002	0.001	0.001	0.004	0.002	0.002	0.002	0.004	0.001	0.010	0.001	-0.000	0.002
480.00	-0.001	0.002	0.001	0.001	0.004	0.002	0.002	0.002	0.004	0.001	0.010	0.001	0.000	0.002
481.00	-0.001	0.001	0.001	0.001	0.004	0.002	0.002	0.002	0.004	0.001	0.010	0.001	-0.000	0.001
482.00	-0.001	0.001	0.001	0.001	0.004	0.002	0.002	0.002	0.004	0.001	0.010	0.001	-0.000	0.001
483.00	-0.001	0.001	0.001	0.001	0.004	0.002	0.002	0.002	0.004	0.001	0.010	0.001	-0.000	0.001
484.00	-0.001	0.001	0.001	0.001	0.004	0.002	0.002	0.002	0.004	0.001	0.010	0.001	-0.000	0.001
485.00	-0.001	0.001	0.001	0.001	0.004	0.002	0.002	0.002	0.003	0.001	0.010	0.001	-0.000	0.001
486.00	-0.001	0.001	0.001	0.001	0.004	0.002	0.002	0.002	0.003	0.001	0.010	0.001	-0.000	0.001
487.00	-0.001	0.002	0.001	0.001	0.004	0.002	0.002	0.002	0.003	0.001	0.010	0.001	-0.000	0.001
488.00	-0.001	0.001	0.001	0.001	0.004	0.002	0.002	0.002	0.003	0.001	0.010	0.001	-0.000	0.001
489.00	-0.001	0.001	0.001	0.001	0.004	0.002	0.002	0.002	0.003	0.001	0.009	0.001	-0.000	0.001
490.00	-0.001	0.001	0.001	0.001	0.004	0.002	0.002	0.002	0.003	0.001	0.009	0.001	-0.000	0.001
491.00	-0.001	0.001	0.001	0.001	0.004	0.002	0.002	0.002	0.003	0.001	0.009	0.001	-0.000	0.001
492.00	-0.001	0.001	0.001	0.001	0.004	0.002	0.002	0.002	0.003	0.001	0.009	0.001	-0.000	0.001
493.00	-0.001	0.001	0.001	0.001	0.004	0.002	0.002	0.002	0.003	0.001	0.009	0.001	-0.000	0.001
494.00	-0.001	0.001	0.001	0.001	0.004	0.002	0.002	0.002	0.004	0.001	0.009	0.001	-0.000	0.001
495.00	-0.001	0.001	0.001	0.001	0.004	0.002	0.002	0.002	0.004	0.001	0.009	0.001	-0.000	0.001
496.00	-0.001	0.001	0.001	0.001	0.004	0.002	0.002	0.002	0.004	0.001	0.009	0.001	-0.000	0.001
497.00	-0.001	0.001	0.001	0.001	0.004	0.002	0.002	0.002	0.003	0.001	0.009	0.001	-0.000	0.001
498.00	-0.001	0.001	0.001	0.001	0.004	0.002	0.002	0.002	0.003	0.001	0.009	0.001	-0.000	0.001
499.00	-0.001	0.001	0.001	0.001	0.004	0.002	0.002	0.002	0.003	0.001	0.009	0.001	-0.000	0.001
500.00	-0.001	0.001	0.001	0.001	0.004	0.002	0.002	0.002	0.003	0.001	0.009	0.001	-0.000	0.001
501.00	-0.001	0.001	0.001	0.001	0.004	0.002	0.002	0.002	0.003	0.001	0.009	0.001	-0.000	0.001
502.00	-0.001	0.001	0.001	0.001	0.004	0.002	0.002	0.002	0.003	0.001	0.009	0.001	-0.000	0.001
503.00	-0.001	0.001	0.001	0.001	0.004	0.002	0.002	0.002	0.003	0.001	0.009	0.001	-0.000	0.001
504.00	-0.001	0.001	0.001	0.001	0.004	0.002	0.002	0.002	0.003	0.001	0.009	0.001	-0.000	0.001
505.00	-0.001	0.001	0.001	0.001	0.004	0.002	0.002	0.002	0.003	0.001	0.009	0.001	-0.000	0.001
506.00	-0.001	0.001	0.001	0.001	0.004	0.002	0.002	0.002	0.003	0.001	0.009	0.001	-0.000	0.001
507.00	-0.001	0.001	0.001	0.001	0.004	0.002	0.002	0.002	0.003	0.001	0.009	0.001	-0.000	0.001
508.00	-0.001	0.001	0.001	0.001	0.004	0.002	0.002	0.002	0.003	0.001	0.009	0.001	-0.000	0.001
509.00	-0.001	0.001	0.001	0.001	0.003	0.002	0.002	0.002	0.003	0.001	0.009	0.001	-0.000	0.001
510.00	-0.001	0.001	0.001	0.001	0.003	0.002	0.002	0.002	0.003	0.001	0.009	0.001	-0.000	0.001
511.00	-0.000	0.001	0.001	0.001	0.003	0.002	0.002	0.002	0.003	0.001	0.009	0.001	-0.000	0.001
512.00	-0.001	0.001	0.001	0.001	0.003	0.002	0.002	0.002	0.003	0.001	0.009	0.001	-0.000	0.001
513.00	-0.001	0.001	0.001	0.001	0.003	0.002	0.002	0.002	0.003	0.001	0.009	0.001	-0.000	0.001
514.00	-0.001	0.001	0.001	0.001	0.003	0.002	0.002	0.002	0.003	0.001	0.009	0.001	-0.000	0.001
515.00	-0.001	0.001	0.001	0.001	0.003	0.002	0.002	0.002	0.003	0.001	0.009	0.001	-0.000	0.001
516.00	-0.001	0.001	0.001	0.001	0.003	0.002	0.002	0.002	0.003	0.001	0.009	0.001	-0.000	0.001
517.00	-0.001	0.001	0.001	0.001	0.003	0.002	0.002	0.002	0.003	0.001	0.009	0.001	-0.000	0.001
518.00	-0.001	0.001	0.001	0.001	0.003	0.002	0.002	0.002	0.003	0.001	0.009	0.001	-0.000	0.001
519.00	-0.001	0.001	0.001	0.001	0.003	0.002	0.002	0.002	0.003	0.001	0.009	0.001	-0.000	0.001
520.00	-0.000	0.001	0.001	0.001	0.003	0.002	0.002	0.002	0.003	0.001	0.009	0.001	-0.000	0.001
521.00	-0.000	0.001	0.001	0.001	0.003	0.002	0.002	0.002	0.003	0.001	0.009	0.001	-0.000	0.001
522.00	-0.000	0.001	0.001	0.001	0.003	0.002	0.002	0.002	0.003	0.001	0.009	0.001	-0.000	0.001
523.00	-0.001	0.001	0.001	0.001	0.003	0.002	0.002	0.002	0.003	0.001	0.008	0.001	-0.000	0.001
524.00	-0.001	0.001	0.001	0.001	0.003	0.001	0.002	0.002	0.003	0.001	0.008	0.000	-0.000	0.001
525.00	-0.001	0.001	0.001	0.001	0.003	0.002	0.002	0.002	0.003	0.001	0.008	0.001	-0.000	0.001
526.00	-0.000	0.001	0.001	0.001	0.003	0.002	0.002	0.002	0.003	0.001	0.008	0.001	-0.000	0.001
527.00	-0.001	0.001	0.001	0.001	0.003	0.002	0.002	0.002	0.003	0.001	0.008	0.001	-0.000	0.001
528.00	-0.001	0.001	0.001	0.001	0.003	0.001	0.002	0.002	0.003	0.001	0.008	0.001	-0.000	0.001
529.00	-0.001	0.001	0.001	0.001	0.003	0.001	0.002	0.002	0.003	0.001	0.008	0.001	-0.000	0.001
530.00	-0.000	0.001	0.001	0.001	0.003	0.002	0.002	0.002	0.003	0.001	0.008	0.001	-0.000	0.001
531.00	-0.000	0.001	0.001	0.001	0.003	0.002	0.002	0.002	0.003	0.001	0.008	0.001	-0.000	0.001
532.00	-0.000	0.001	0.001	0.001	0.003	0.001	0.002	0.002	0.003	0.001	0.008	0.001	-0.000	0.001
533.00	-0.000	0.001	0.001	0.001	0.003	0.002	0.002	0.002	0.003	0.001	0.008	0.001	-0.000	0.001
534.00	-0.000	0.001	0.001	0.001	0.003	0.002	0.002	0.002	0.003	0.001	0.008	0.001	-0.000	0.001
535.00	-0.000	0.001	0.001	0.001	0.003	0.002	0.002	0.002	0.003	0.001	0.009	0.001	0.000	0.001
536.00	0.001	0.002	0.002	0.002	0.004	0.003	0.003	0.003	0.004	0.002	0.009	0.002	0.001	0.002
537.00	-0.000	0.001	0.001	0.001	0.003	0.002	0.002	0.002	0.003	0.001	0.009	0.001	0.000	0.001
538.00	-0.000	0.001	0.001	0.001	0.003	0.001	0.002	0.002	0.003	0.001	0.008	0.001	-0.000	0.001
539.00	-0.000	0.001	0.001	0.001	0.003	0.001	0.002	0.001	0.003	0.001	0.008	0.000	-0.000	0.001
540.00	-0.000	0.001	0.001	0.001	0.003	0.001	0.002	0.002	0.003	0.001	0.008	0.001	-0.000	0.001
541.00	-0.000	0.001	0.001	0.001	0.003	0.001	0.002	0.002	0.003	0.001	0.008	0.001	-0.000	0.001
542.00	-0.000	0.001	0.001	0.001	0.003	0.002	0.002	0.002	0.003	0.001	0.008	0.001	-0.000	0.001
543.00	-0.000	0.001	0.001	0.001	0.003	0.001	0.002	0.002	0.003	0.001	0.008	0.001	-0.000	0.001
544.00	-0.000	0.001	0.001	0.001	0.003	0.001	0.002	0.001	0.003	0.001	0.008	0.001	-0.000	0.001
545.00	-0.000	0.001	0.001	0.001	0.003	0.001	0.002	0.001	0.003	0.001	0.008	0.001	-0.000	0.001
546.00	-0.001	0.001	0.001	0.001	0.003	0.001	0.001	0.001	0.003	0.001	0.008	0.001	-0.000	0.001
547.00	-0.001	0.001	0.001	0.001	0.003	0.001	0.002	0.001	0.003	0.001	0.008	0.001	-0.000	0.001
548.00	-0.000	0.001	0.001	0.001	0.003	0.001	0.001	0.001	0.003	0.001	0.008	0.001	-0.000	0.001
549.00	-0.000	0.001	0.001	0.001	0.003	0.001	0.002	0.001	0.003	0.001	0.008	0.001	-0.000	0.001
550.00	-0.000	0.001	0.001	0.001	0.003	0.001	0.002	0.001	0.003	0.001	0.008	0.001	-0.000	0.001
551.00	-0.000	0.001	0.001	0.001	0.003	0.001	0.002	0.001	0.003	0.001	0.008	0.001	-0.000	0.001
552.00	-0.000	0.001	0.001	0.001	0.003	0.001	0.001	0.001	0.003	0.001	0.008	0.001	-0.000	0.001
553.00	-0.000	0.001	0.001	0.001	0.003	0.001	0.001	0.001	0.003	0.001	0.008	0.000	-0.000	0.001
554.00	-0.000	0.001	0.001	0.001	0.003	0.001	0.001	0.001	0.003	0.001	0.008	0.001	-0.000	0.001
555.00	-0.000	0.001	0.001	0.001	0.003	0.001	0.001	0.001	0.003	0.001	0.008	0.001	-0.000	0.001
556.00	-0.001	0.001	0.001	0.001	0.003	0.001	0.001	0.001	0.003	0.001	0.008	0.001	-0.000	0.001
557.00	-0.000	0.001	0.001	0.001	0.003	0.001	0.001	0.001	0.003	0.001	0.008	0.001	-0.000	0.001
558.00	-0.000	0.001	0.001	0.001	0.003	0.001	0.001	0.001	0.003	0.001	0.008	0.001	-0.000	0.001
559.00	-0.000	0.001	0.001	0.001	0.003	0.001	0.001	0.001	0.003	0.001	0.008	0.001	-0.000	0.001
560.00	-0.001	0.001	0.001	0.001	0.003	0.001	0.001	0.001	0.003	0.001	0.008	0.001	-0.000	0.001
561.00	-0.001	0.001	0.001	0.001	0.002	0.001	0.001	0.001	0.003	0.001	0.008	0.001	-0.000	0.001
562.00	-0.001	0.001	0.001	0.001	0.002	0.001	0.001	0.001	0.003	0.001	0.008	0.001	-0.000	0.001
563.00	-0.001	0.001	0.001	0.001	0.002	0.001	0.001	0.001	0.003	0.001	0.008	0.000	-0.000	0.001
564.00	-0.001	0.001	0.001	0.001	0.003	0.001	0.001	0.001	0.003	0.001	0.008	0.001	-0.000	0.001
565.00	-0.000	0.001	0.001	0.001	0.003	0.001	0.001	0.001	0.003	0.001	0.008	0.001	-0.000	0.001
566.00	-0.000	0.001	0.001	0.001	0.003	0.001	0.001	0.001	0.003	0.001	0.008	0.001	-0.000	0.001
567.00	-0.000	0.001	0.001	0.001	0.003	0.001	0.001	0.001	0.003	0.001	0.008	0.001	-0.000	0.001
568.00	-0.000	0.001	0.001	0.001	0.002	0.001	0.001	0.001	0.003	0.001	0.008	0.001	-0.000	0.001
569.00	-0.000	0.001	0.001	0.001	0.002	0.001	0.001	0.001	0.003	0.001	0.008	0.001	-0.000	0.001
570.00	-0.000	0.001	0.001	0.001	0.002	0.001	0.001	0.001	0.003	0.001	0.008	0.001	-0.000	0.001
571.00	-0.001	0.001	0.001	0.001	0.002	0.001	0.001	0.001	0.003	0.001	0.007	0.000	-0.000	0.001
572.00	-0.000	0.001	0.001	0.001	0.002	0.001	0.001	0.001	0.003	0.001	0.008	0.001	-0.000	0.001
573.00	-0.000	0.001	0.001	0.001	0.002	0.001	0.001	0.001	0.003	0.001	0.008	0.001	-0.000	0.001
574.00	-0.001	0.001	0.001	0.001	0.002	0.001	0.001	0.001	0.003	0.001	0.008	0.001	-0.000	0.001
575.00	-0.001	0.001	0.001	0.001	0.002	0.001	0.001	0.001	0.003	0.001	0.008	0.001	-0.000	0.001
576.00	-0.000	0.001	0.001	0.001	0.002	0.001	0.001	0.001	0.003	0.001	0.008	0.001	-0.000	0.001
577.00	-0.000	0.001	0.001	0.001	0.002	0.001	0.001	0.001	0.003	0.001	0.008	0.001	-0.000	0.001
578.00	-0.000	0.001	0.001	0.001	0.002	0.001	0.001	0.001	0.003	0.001	0.008	0.001	-0.000	0.001
579.00	-0.000	0.001	0.001	0.001	0.002	0.001	0.001	0.001	0.003	0.001	0.007	0.001	-0.000	0.001
580.00	-0.000	0.001	0.001	0.001	0.002	0.001	0.001	0.001	0.003	0.001	0.007	0.001	-0.000	0.001
581.00	-0.000	0.001	0.001	0.001	0.002	0.001	0.001	0.001	0.003	0.001	0.007	0.001	-0.000	0.001
582.00	-0.000	0.001	0.001	0.001	0.002	0.001	0.001	0.001	0.003	0.001	0.007	0.001	-0.000	0.001
583.00	-0.000	0.001	0.001	0.001	0.002	0.001	0.001	0.001	0.003	0.001	0.007	0.001	-0.000	0.001
584.00	-0.000	0.001	0.001	0.001	0.002	0.001	0.001	0.001	0.003	0.001	0.007	0.001	-0.000	0.001
585.00	-0.000	0.001	0.001	0.001	0.002	0.001	0.001	0.001	0.003	0.001	0.007	0.001	-0.000	0.001
586.00	-0.000	0.001	0.001	0.001	0.002	0.001	0.001	0.001	0.003	0.001	0.007	0.001	-0.000	0.001
587.00	-0.000	0.001	0.001	0.001	0.002	0.001	0.001	0.001	0.003	0.001	0.007	0.001	-0.000	0.001
588.00	-0.000	0.001	0.001	0.001	0.002	0.001	0.001	0.001	0.003	0.001	0.007	0.001	-0.000	0.001
589.00	-0.000	0.001	0.001	0.001	0.002	0.001	0.001	0.001	0.003	0.001	0.007	0.001	-0.000	0.001
590.00	-0.000	0.001	0.001	0.001	0.002	0.001	0.001	0.001	0.003	0.001	0.007	0.001	-0.000	0.001
591.00	-0.000	0.001	0.001	0.001	0.002	0.001	0.001	0.001	0.003	0.001	0.007	0.001	-0.000	0.001
592.00	-0.000	0.001	0.001	0.001	0.002	0.001	0.001	0.001	0.003	0.001	0.007	0.001	-0.000	0.001
593.00	-0.000	0.001	0.001	0.001	0.002	0.001	0.001	0.001	0.003	0.001	0.007	0.001	-0.000	0.001
594.00	-0.000	0.001	0.001	0.001	0.002	0.001	0.001	0.001	0.003	0.001	0.007	0.001	-0.000	0.001
595.00	-0.000	0.001	0.001	0.001	0.002	0.001	0.001	0.001	0.003	0.001	0.007	0.001	-0.000	0.001
596.00	-0.000	0.001	0.001	0.001	0.002	0.001	0.001	0.001	0.003	0.001	0.007	0.001	-0.000	0.001
597.00	-0.000	0.001	0.001	0.001	0.002	0.001	0.001	0.001	0.003	0.001	0.007	0.001	-0.000	0.001
598.00	-0.000	0.001	0.001	0.001	0.002	0.001	0.001	0.001	0.002	0.001	0.007	0.001	-0.000	0.001
599.00	-0.000	0.001	0.001	0.001	0.002	0.001	0.001	0.001	0.002	0.001	0.007	0.001	-0.000	0.001
600.00	-0.000	0.001	0.001	0.001	0.002	0.001	0.001	0.001	0.003	0.001	0.007	0.001	-0.000	0.001
601.00	-0.000	0.001	0.001	0.001	0.002	0.001	0.001	0.001	0.002	0.001	0.007	0.001	-0.000	0.001
602.00	-0.000	0.001	0.001	0.001	0.002	0.001	0.001	0.001	0.003	0.001	0.007	0.001	-0.000	0.001
603.00	-0.000	0.001	0.001	0.001	0.002	0.001	0.001	0.001	0.003	0.001	0.007	0.001	-0.000	0.001
604.00	-0.000	0.001	0.001	0.001	0.002	0.001	0.001	0.001	0.003	0.001	0.007	0.001	-0.000	0.001
605.00	-0.000	0.001	0.001	0.001	0.002	0.001	0.001	0.001	0.002	0.001	0.007	0.000	-0.000	0.001
606.00	-0.000	0.001	0.001	0.001	0.002	0.001	0.001	0.001	0.002	0.001	0.007	0.001	-0.000	0.001
607.00	-0.000	0.001	0.001	0.001	0.002	0.001	0.001	0.001	0.002	0.001	0.007	0.001	-0.000	0.001
608.00	-0.000	0.001	0.001	0.001	0.002	0.001	0.001	0.001	0.002	0.001	0.007	0.000	-0.000	0.001
609.00	-0.000	0.001	0.001	0.001	0.002	0.001	0.001	0.001	0.002	0.001	0.007	0.001	-0.000	0.001
610.00	-0.000	0.001	0.001	0.001	0.002	0.001	0.001	0.001	0.002	0.001	0.007	0.000	-0.000	0.001
611.00	-0.000	0.001	0.001	0.001	0.002	0.001	0.001	0.001	0.002	0.001	0.007	0.001	-0.000	0.001
612.00	-0.000	0.001	0.001	0.001	0.002	0.001	0.001	0.001	0.002	0.001	0.007	0.001	-0.000	0.001
613.00	-0.000	0.001	0.001	0.001	0.002	0.001	0.001	0.001	0.002	0.001	0.007	0.001	-0.000	0.001
614.00	-0.000	0.001	0.001	0.001	0.002	0.001	0.001	0.001	0.002	0.001	0.007	0.001	-0.000	0.001
615.00	-0.000	0.001	0.001	0.001	0.002	0.001	0.001	0.001	0.002	0.001	0.007	0.000	-0.000	0.000
616.00	-0.000	0.001	0.001	0.001	0.002	0.001	0.001	0.001	0.002	0.001	0.007	0.001	-0.000	0.001
617.00	-0.000	0.001	0.001	0.001	0.002	0.001	0.001	0.001	0.002	0.001	0.007	0.001	-0.000	0.001
618.00	-0.000	0.001	0.001	0.001	0.002	0.001	0.001	0.001	0.002	0.001	0.007	0.001	-0.000	0.001
619.00	-0.000	0.001	0.001	0.001	0.002	0.001	0.001	0.001	0.002	0.001	0.007	0.000	-0.000	0.001
620.00	-0.000	0.001	0.001	0.001	0.002	0.001	0.001	0.001	0.002	0.001	0.007	0.000	-0.000	0.001
621.00	-0.000	0.001	0.001	0.001	0.002	0.001	0.001	0.001	0.002	0.001	0.007	0.000	-0.000	0.000
622.00	-0.000	0.001	0.001	0.001	0.002	0.001	0.001	0.001	0.002	0.001	0.007	0.001	-0.000	0.001
623.00	-0.000	0.001	0.001	0.001	0.002	0.001	0.001	0.001	0.002	0.001	0.007	0.001	-0.000	0.001
624.00	-0.000	0.001	0.001	0.001	0.002	0.001	0.001	0.001	0.002	0.001	0.007	0.001	-0.000	0.001
625.00	-0.000	0.001	0.001	0.001	0.002	0.001	0.001	0.001	0.002	0.001	0.007	0.001	-0.000	0.001
626.00	-0.000	0.001	0.001	0.001	0.002	0.001	0.001	0.001	0.002	0.001	0.007	0.001	-0.000	0.001
627.00	-0.000	0.001	0.001	0.001	0.002	0.001	0.001	0.001	0.002	0.001	0.007	0.001	-0.000	0.001
628.00	-0.000	0.001	0.001	0.001	0.002	0.001	0.001	0.001	0.002	0.001	0.007	0.000	-0.000	0.001
629.00	-0.000	0.001	0.001	0.001	0.002	0.001	0.001	0.001	0.002	0.001	0.007	0.000	-0.000	0.001
630.00	-0.000	0.001	0.001	0.001	0.002	0.001	0.001	0.001	0.002	0.001	0.007	0.000	-0.000	0.001
631.00	-0.000	0.001	0.001	0.001	0.002	0.001	0.001	0.001	0.002	0.001	0.007	0.001	-0.000	0.001
632.00	-0.000	0.001	0.001	0.001	0.002	0.001	0.001	0.001	0.002	0.001	0.007	0.001	-0.000	0.001
633.00	-0.000	0.001	0.001	0.001	0.002	0.001	0.001	0.001	0.002	0.001	0.007	0.001	-0.000	0.000
634.00	-0.000	0.001	0.001	0.001	0.002	0.001	0.001	0.001	0.002	0.001	0.007	0.001	-0.000	0.001
635.00	-0.000	0.001	0.001	0.001	0.002	0.001	0.001	0.001	0.002	0.001	0.007	0.000	-0.000	0.001
636.00	-0.000	0.001	0.001	0.001	0.002	0.001	0.001	0.001	0.002	0.001	0.007	0.000	-0.000	0.001
637.00	-0.000	0.001	0.001	0.001	0.002	0.001	0.001	0.001	0.002	0.001	0.007	0.000	-0.000	0.000
638.00	-0.000	0.000	0.001	0.001	0.002	0.001	0.001	0.001	0.002	0.001	0.007	0.000	-0.000	0.000
639.00	-0.000	0.001	0.001	0.001	0.002	0.001	0.001	0.001	0.002	0.001	0.007	0.000	-0.000	0.000
640.00	-0.000	0.000	0.001	0.001	0.002	0.001	0.001	0.001	0.002	0.000	0.007	0.000	-0.000	0.000
641.00	-0.000	0.000	0.001	0.001	0.002	0.001	0.001	0.001	0.002	0.000	0.007	0.000	-0.000	0.000
642.00	-0.000	0.001	0.001	0.001	0.002	0.001	0.001	0.001	0.002	0.001	0.007	0.000	-0.000	0.000
643.00	-0.000	0.001	0.001	0.001	0.002	0.001	0.001	0.001	0.002	0.001	0.007	0.000	-0.000	0.000
644.00	-0.000	0.000	0.001	0.001	0.002	0.001	0.001	0.001	0.002	0.000	0.006	0.000	-0.000	0.000
645.00	-0.000	0.000	0.001	0.001	0.002	0.001	0.001	0.001	0.002	0.001	0.006	0.000	-0.000	0.000
646.00	-0.000	0.000	0.001	0.001	0.002	0.001	0.001	0.001	0.002	0.001	0.006	0.000	-0.000	0.000
647.00	-0.000	0.001	0.001	0.001	0.002	0.001	0.001	0.001	0.002	0.001	0.006	0.000	-0.000	0.000
648.00	-0.000	0.001	0.001	0.001	0.002	0.001	0.001	0.001	0.002	0.001	0.007	0.000	-0.000	0.001
649.00	-0.000	0.001	0.001	0.001	0.002	0.001	0.001	0.001	0.002	0.001	0.007	0.001	-0.000	0.001
650.00	-0.000	0.001	0.001	0.001	0.002	0.001	0.001	0.001	0.002	0.001	0.007	0.001	-0.000	0.001
651.00	-0.000	0.001	0.001	0.001	0.002	0.001	0.001	0.001	0.002	0.001	0.006	0.000	-0.000	0.001
652.00	-0.000	0.001	0.001	0.001	0.002	0.001	0.001	0.001	0.002	0.001	0.006	0.001	-0.000	0.001
653.00	-0.000	0.001	0.001	0.001	0.002	0.001	0.001	0.001	0.002	0.001	0.006	0.000	-0.000	0.000
654.00	-0.000	0.001	0.001	0.001	0.002	0.001	0.001	0.001	0.002	0.001	0.006	0.001	-0.000	0.001
655.00	-0.000	0.001	0.001	0.001	0.002	0.001	0.001	0.001	0.002	0.001	0.007	0.001	-0.000	0.001
656.00	-0.000	0.001	0.001	0.001	0.002	0.001	0.001	0.001	0.002	0.001	0.006	0.001	-0.000	0.001
657.00	-0.000	0.001	0.001	0.001	0.002	0.001	0.001	0.001	0.002	0.001	0.006	0.001	-0.000	0.001
658.00	-0.000	0.001	0.001	0.001	0.002	0.001	0.001	0.001	0.002	0.001	0.006	0.001	-0.000	0.001
659.00	-0.000	0.001	0.001	0.001	0.002	0.001	0.001	0.001	0.002	0.001	0.006	0.001	-0.000	0.001
660.00	-0.000	0.001	0.001	0.001	0.002	0.001	0.001	0.001	0.002	0.001	0.006	0.000	-0.000	0.001
661.00	-0.000	0.001	0.001	0.001	0.002	0.001	0.001	0.001	0.002	0.001	0.006	0.001	-0.000	0.001
662.00	-0.000	0.001	0.001	0.001	0.002	0.001	0.001	0.001	0.002	0.001	0.006	0.001	-0.000	0.001
663.00	-0.000	0.001	0.001	0.001	0.002	0.001	0.001	0.001	0.002	0.001	0.006	0.001	-0.000	0.001
664.00	-0.000	0.001	0.001	0.001	0.002	0.001	0.001	0.001	0.002	0.001	0.006	0.001	-0.000	0.001
665.00	-0.000	0.001	0.001	0.001	0.002	0.001	0.001	0.001	0.002	0.001	0.006	0.001	-0.000	0.001
666.00	-0.000	0.001	0.001	0.001	0.002	0.001	0.001	0.001	0.002	0.001	0.006	0.001	-0.000	0.001
667.00	-0.000	0.001	0.001	0.001	0.002	0.001	0.001	0.001	0.002	0.001	0.006	0.001	-0.000	0.001
668.00	-0.000	0.001	0.001	0.001	0.002	0.001	0.001	0.001	0.002	0.001	0.006	0.000	-0.000	0.001
669.00	-0.000	0.001	0.001	0.001	0.002	0.001	0.001	0.001	0.002	0.001	0.006	0.001	-0.000	0.001
670.00	-0.000	0.001	0.001	0.001	0.002	0.001	0.001	0.001	0.002	0.001	0.006	0.001	-0.000	0.001
671.00	-0.000	0.001	0.001	0.001	0.002	0.001	0.001	0.001	0.002	0.001	0.006	0.001	-0.000	0.001
672.00	-0.000	0.001	0.001	0.001	0.002	0.001	0.001	0.001	0.002	0.001	0.006	0.001	-0.000	0.001
673.00	-0.000	0.001	0.001	0.001	0.002	0.001	0.001	0.001	0.002	0.001	0.006	0.001	-0.000	0.001
674.00	-0.000	0.001	0.001	0.001	0.002	0.001	0.001	0.001	0.002	0.001	0.006	0.001	-0.000	0.001
675.00	-0.000	0.001	0.001	0.001	0.002	0.001	0.001	0.001	0.002	0.001	0.006	0.001	-0.000	0.001
676.00	-0.000	0.001	0.001	0.001	0.002	0.001	0.001	0.001	0.002	0.001	0.006	0.001	-0.000	0.001
677.00	-0.000	0.001	0.001	0.001	0.002	0.001	0.001	0.001	0.002	0.001	0.006	0.001	-0.000	0.001
678.00	-0.000	0.001	0.001	0.001	0.002	0.001	0.001	0.001	0.002	0.001	0.006	0.001	-0.000	0.001
679.00	0.000	0.001	0.001	0.001	0.002	0.001	0.001	0.001	0.002	0.001	0.006	0.001	-0.000	0.001
680.00	-0.000	0.001	0.001	0.001	0.002	0.001	0.001	0.001	0.002	0.001	0.006	0.001	-0.000	0.001
681.00	-0.000	0.001	0.001	0.001	0.002	0.001	0.001	0.001	0.002	0.001	0.006	0.001	-0.000	0.001
682.00	-0.000	0.001	0.001	0.001	0.002	0.001	0.001	0.001	0.002	0.001	0.006	0.001	-0.000	0.000
683.00	-0.000	0.001	0.001	0.001	0.002	0.001	0.001	0.001	0.002	0.001	0.006	0.001	-0.000	0.000
684.00	-0.000	0.001	0.001	0.001	0.002	0.001	0.001	0.001	0.002	0.001	0.006	0.001	-0.000	0.001
685.00	-0.000	0.001	0.001	0.001	0.002	0.001	0.001	0.001	0.002	0.001	0.006	0.001	-0.000	0.001
686.00	-0.000	0.001	0.001	0.001	0.002	0.001	0.001	0.001	0.002	0.001	0.006	0.001	-0.000	0.001
687.00	-0.000	0.001	0.001	0.001	0.002	0.001	0.001	0.001	0.002	0.001	0.006	0.001	-0.000	0.001
688.00	-0.000	0.001	0.001	0.001	0.002	0.001	0.001	0.001	0.002	0.001	0.006	0.001	-0.000	0.001
689.00	-0.000	0.001	0.001	0.001	0.002	0.001	0.001	0.001	0.002	0.001	0.006	0.001	-0.000	0.001
690.00	-0.000	0.001	0.001	0.001	0.002	0.001	0.001	0.001	0.002	0.001	0.006	0.001	-0.000	0.001
691.00	-0.000	0.001	0.001	0.001	0.002	0.001	0.001	0.001	0.002	0.001	0.006	0.001	-0.000	0.001
692.00	-0.000	0.000	0.001	0.001	0.002	0.001	0.001	0.001	0.002	0.001	0.006	0.000	-0.000	0.001
693.00	-0.000	0.000	0.001	0.001	0.002	0.001	0.001	0.001	0.002	0.001	0.006	0.000	-0.000	0.001
694.00	-0.000	0.001	0.001	0.001	0.002	0.001	0.001	0.001	0.002	0.001	0.006	0.001	-0.000	0.001
695.00	-0.000	0.001	0.001	0.001	0.002	0.001	0.001	0.001	0.002	0.001	0.006	0.000	-0.000	0.001
696.00	-0.000	0.001	0.001	0.001	0.002	0.001	0.001	0.001	0.002	0.001	0.006	0.001	-0.000	0.001
697.00	-0.000	0.001	0.001	0.001	0.002	0.001	0.001	0.001	0.002	0.001	0.006	0.001	-0.000	0.001
698.00	-0.000	0.001	0.001	0.001	0.002	0.001	0.001	0.001	0.002	0.001	0.006	0.001	-0.000	0.001
699.00	-0.000	0.000	0.001	0.001	0.002	0.001	0.001	0.001	0.002	0.001	0.006	0.001	-0.000	0.001
700.00	-0.000	0.001	0.001	0.001	0.002	0.001	0.001	0.001	0.002	0.001	0.006	0.001	-0.000	0.001
701.00	-0.000	0.001	0.001	0.001	0.002	0.001	0.001	0.001	0.002	0.001	0.006	0.001	-0.000	0.001
702.00	-0.000	0.001	0.001	0.001	0.002	0.001	0.001	0.001	0.002	0.001	0.006	0.001	0.000	0.001
703.00	-0.000	0.000	0.001	0.001	0.002	0.001	0.001	0.001	0.002	0.001	0.006	0.001	-0.000	0.001
704.00	-0.000	0.000	0.001	0.001	0.002	0.001	0.001	0.001	0.002	0.000	0.006	0.001	-0.000	0.001
705.00	-0.000	0.001	0.001	0.001	0.002	0.001	0.001	0.001	0.002	0.000	0.006	0.001	-0.000	0.001
706.00	-0.000	0.001	0.001	0.001	0.002	0.001	0.001	0.001	0.002	0.001	0.006	0.001	0.000	0.001
707.00	-0.000	0.001	0.001	0.001	0.002	0.001	0.001	0.001	0.002	0.001	0.006	0.001	-0.000	0.000
708.00	-0.000	0.000	0.001	0.001	0.002	0.001	0.001	0.001	0.002	0.000	0.006	0.001	-0.000	0.001
709.00	-0.000	0.000	0.001	0.001	0.002	0.001	0.001	0.001	0.002	0.001	0.006	0.001	-0.000	0.001
710.00	-0.000	0.001	0.001	0.001	0.002	0.001	0.001	0.001	0.002	0.001	0.006	0.001	-0.000	0.001
711.00	-0.000	0.001	0.001	0.001	0.002	0.001	0.001	0.001	0.002	0.000	0.006	0.001	-0.000	0.001
712.00	-0.000	0.000	0.001	0.001	0.002	0.001	0.001	0.001	0.002	0.001	0.006	0.001	-0.000	0.001
713.00	-0.000	0.000	0.001	0.001	0.002	0.001	0.001	0.001	0.002	0.001	0.006	0.000	-0.000	0.001
714.00	-0.000	0.000	0.001	0.001	0.002	0.001	0.001	0.001	0.002	0.000	0.006	0.000	-0.000	0.000
715.00	-0.000	0.000	0.001	0.001	0.002	0.001	0.001	0.001	0.002	0.000	0.006	0.000	-0.000	0.000
716.00	-0.000	0.000	0.001	0.001	0.002	0.001	0.001	0.001	0.002	0.000	0.006	0.000	-0.000	0.001
717.00	-0.000	0.000	0.001	0.001	0.002	0.001	0.001	0.001	0.002	0.000	0.006	0.000	-0.000	0.001
718.00	-0.000	0.000	0.001	0.001	0.002	0.001	0.001	0.001	0.002	0.001	0.006	0.001	-0.000	0.001
719.00	-0.000	0.000	0.001	0.001	0.002	0.001	0.001	0.001	0.002	0.001	0.006	0.001	-0.000	0.001
720.00	-0.000	0.000	0.001	0.001	0.002	0.001	0.001	0.001	0.002	0.001	0.006	0.001	-0.000	0.001
721.00	-0.000	0.000	0.001	0.001	0.002	0.001	0.001	0.001	0.002	0.001	0.006	0.001	-0.000	0.001
722.00	-0.000	0.000	0.001	0.001	0.001	0.001	0.001	0.001	0.002	0.000	0.006	0.000	-0.000	0.000
723.00	-0.000	0.000	0.001	0.001	0.002	0.001	0.001	0.001	0.002	0.000	0.006	0.001	-0.000	0.001
724.00	-0.000	0.000	0.001	0.001	0.002	0.001	0.001	0.001	0.002	0.000	0.006	0.001	-0.000	0.000
725.00	-0.000	0.000	0.001	0.001	0.001	0.001	0.001	0.001	0.002	0.000	0.006	0.001	-0.000	0.000
726.00	-0.000	0.000	0.001	0.001	0.001	0.001	0.001	0.001	0.002	0.000	0.006	0.000	-0.000	0.001
727.00	-0.000	0.000	0.001	0.001	0.002	0.001	0.001	0.001	0.002	0.000	0.006	0.000	-0.000	0.001
728.00	-0.000	0.000	0.001	0.001	0.001	0.001	0.001	0.001	0.002	0.000	0.006	0.000	-0.000	0.001
729.00	-0.000	0.000	0.000	0.001	0.001	0.001	0.001	0.001	0.002	0.000	0.006	0.000	-0.000	0.000
730.00	-0.000	0.000	0.000	0.001	0.001	0.001	0.001	0.001	0.002	0.000	0.006	0.000	-0.000	0.000
731.00	-0.000	0.000	0.001	0.001	0.001	0.001	0.001	0.001	0.002	0.000	0.006	0.000	-0.000	0.000
732.00	-0.000	0.000	0.000	0.001	0.001	0.001	0.001	0.001	0.002	0.000	0.006	0.000	-0.000	0.000
733.00	-0.000	0.000	0.000	0.001	0.001	0.001	0.001	0.001	0.001	0.000	0.006	0.000	-0.000	0.000
734.00	-0.000	0.000	0.000	0.000	0.001	0.001	0.001	0.001	0.001	0.000	0.006	0.000	-0.000	0.000
735.00	-0.000	0.000	0.000	0.001	0.001	0.001	0.001	0.001	0.001	0.000	0.006	0.000	-0.000	0.000
736.00	-0.000	0.000	0.000	0.001	0.001	0.001	0.001	0.001	0.001	0.000	0.006	0.000	-0.000	0.000
737.00	-0.000	0.000	0.000	0.001	0.001	0.001	0.001	0.001	0.001	0.000	0.006	0.000	-0.000	0.000
738.00	-0.000	0.000	0.000	0.001	0.001	0.001	0.001	0.001	0.001	0.000	0.006	0.000	-0.000	0.000
739.00	-0.000	0.000	0.000	0.001	0.001	0.001	0.001	0.001	0.001	0.000	0.006	0.000	-0.000	0.000
740.00	-0.000	0.000	0.000	0.001	0.001	0.001	0.001	0.001	0.001	0.000	0.006	0.000	-0.000	0.000
741.00	-0.000	0.000	0.000	0.001	0.001	0.001	0.001	0.001	0.001	0.000	0.006	0.000	-0.000	0.000
742.00	-0.000	0.000	0.000	0.001	0.001	0.001	0.001	0.001	0.001	0.000	0.006	0.000	-0.000	0.000
743.00	-0.000	0.000	0.000	0.001	0.001	0.001	0.001	0.001	0.001	0.000	0.006	0.000	-0.000	0.000
744.00	-0.000	0.000	0.000	0.001	0.001	0.001	0.001	0.001	0.001	0.000	0.006	0.000	-0.000	0.000
745.00	-0.000	0.000	0.000	0.000	0.001	0.001	0.001	0.001	0.001	0.000	0.006	0.000	-0.000	0.000
746.00	-0.000	0.000	0.000	0.001	0.001	0.001	0.001	0.001	0.001	0.000	0.006	0.000	-0.000	0.000
747.00	-0.000	0.000	0.000	0.000	0.001	0.001	0.001	0.000	0.001	0.000	0.006	0.000	-0.000	0.000
748.00	-0.000	0.000	0.000	0.001	0.001	0.001	0.001	0.001	0.001	0.000	0.006	0.000	-0.000	0.000
749.00	-0.000	0.000	0.000	0.001	0.001	0.001	0.001	0.001	0.001	0.000	0.006	0.000	-0.000	0.000
750.00	-0.000	0.000	0.000	0.001	0.001	0.001	0.001	0.001	0.001	0.000	0.006	0.000	-0.000	0.000
751.00	-0.000	0.000	0.000	0.001	0.001	0.001	0.001	0.001	0.001	0.000	0.006	0.000	-0.000	0.000
752.00	-0.000	0.000	0.000	0.001	0.001	0.001	0.001	0.001	0.001	0.000	0.006	0.000	-0.000	0.000
753.00	-0.000	0.000	0.000	0.001	0.001	0.001	0.001	0.001	0.001	0.000	0.006	0.000	-0.000	0.000
754.00	-0.000	0.000	0.000	0.001	0.001	0.001	0.001	0.001	0.001	0.000	0.006	0.000	-0.000	0.000
755.00	-0.000	0.000	0.000	0.001	0.001	0.001	0.001	0.001	0.001	0.000	0.006	0.000	-0.000	0.000
756.00	-0.000	0.000	0.000	0.001	0.001	0.001	0.001	0.001	0.001	0.000	0.006	0.000	-0.000	0.000
757.00	-0.000	0.000	0.000	0.001	0.001	0.001	0.001	0.001	0.001	0.000	0.006	0.000	-0.000	0.000
758.00	-0.000	0.000	0.000	0.001	0.001	0.001	0.001	0.001	0.001	0.000	0.006	0.000	-0.000	0.001
759.00	-0.000	0.000	0.001	0.001	0.002	0.001	0.001	0.001	0.002	0.000	0.006	0.001	0.000	0.001
760.00	0.001	0.001	0.002	0.002	0.002	0.002	0.002	0.002	0.003	0.001	0.007	0.002	0.001	0.002
761.00	0.000	0.000	0.001	0.001	0.002	0.001	0.001	0.001	0.002	0.001	0.006	0.001	0.000	0.001
762.00	-0.000	0.000	0.000	0.001	0.001	0.001	0.001	0.001	0.001	0.000	0.006	0.000	-0.000	0.000
763.00	-0.000	0.000	0.000	0.001	0.001	0.001	0.001	0.001	0.001	0.000	0.006	0.001	-0.000	0.000
764.00	-0.000	0.000	0.000	0.001	0.001	0.001	0.001	0.001	0.001	0.000	0.006	0.001	-0.000	0.000
765.00	-0.000	0.000	0.000	0.001	0.001	0.001	0.001	0.001	0.001	0.000	0.006	0.001	-0.000	0.000
766.00	-0.000	0.000	0.000	0.001	0.001	0.001	0.001	0.001	0.001	0.000	0.006	0.001	-0.000	0.000
767.00	-0.000	0.000	0.000	0.001	0.001	0.001	0.001	0.001	0.001	0.000	0.006	0.001	-0.000	0.000
768.00	-0.000	0.000	0.001	0.001	0.001	0.001	0.001	0.001	0.001	0.000	0.006	0.001	-0.000	0.000
769.00	-0.000	0.000	0.000	0.001	0.001	0.001	0.001	0.001	0.001	0.000	0.006	0.001	-0.000	0.000
770.00	-0.000	0.000	0.000	0.001	0.001	0.001	0.001	0.001	0.001	0.000	0.006	0.000	-0.000	0.000
771.00	-0.000	0.000	0.000	0.001	0.001	0.001	0.001	0.001	0.001	0.000	0.006	0.000	-0.000	0.000
772.00	-0.000	0.000	0.000	0.001	0.001	0.001	0.001	0.001	0.001	0.000	0.006	0.000	-0.000	0.000
773.00	-0.000	0.000	0.000	0.001	0.001	0.001	0.001	0.001	0.001	0.000	0.006	0.000	-0.000	0.000
774.00	-0.000	0.000	0.001	0.001	0.001	0.001	0.001	0.001	0.001	0.000	0.006	0.001	0.000	0.001
775.00	-0.000	0.000	0.001	0.001	0.001	0.001	0.001	0.001	0.001	0.000	0.006	0.001	-0.000	0.000
776.00	-0.000	0.000	0.001	0.001	0.001	0.001	0.001	0.001	0.001	0.000	0.006	0.001	0.000	0.000
777.00	-0.000	0.000	0.001	0.001	0.001	0.001	0.001	0.001	0.001	0.000	0.006	0.001	0.000	0.000
778.00	-0.000	0.000	0.000	0.001	0.001	0.001	0.001	0.001	0.001	0.000	0.006	0.001	-0.000	0.000
779.00	-0.000	0.000	0.000	0.001	0.001	0.001	0.001	0.001	0.001	0.000	0.006	0.001	-0.000	0.000
780.00	-0.000	0.000	0.000	0.001	0.001	0.001	0.001	0.001	0.001	0.000	0.006	0.001	-0.000	0.000
781.00	-0.000	0.000	0.000	0.001	0.001	0.001	0.001	0.001	0.001	0.000	0.006	0.001	-0.000	0.000
782.00	-0.000	0.000	0.000	0.001	0.001	0.001	0.001	0.001	0.001	0.000	0.006	0.001	-0.000	0.001
783.00	-0.000	0.000	0.001	0.001	0.001	0.001	0.001	0.001	0.001	0.000	0.006	0.001	-0.000	0.001
784.00	-0.000	0.000	0.001	0.001	0.001	0.001	0.001	0.001	0.001	0.000	0.006	0.001	-0.000	0.000
785.00	-0.000	0.000	0.001	0.001	0.001	0.001	0.001	0.001	0.001	0.000	0.006	0.001	0.000	0.001
786.00	-0.000	0.000	0.001	0.001	0.001	0.001	0.001	0.001	0.001	0.000	0.006	0.001	0.000	0.001
787.00	-0.000	0.000	0.000	0.001	0.001	0.001	0.001	0.001	0.001	0.000	0.006	0.001	-0.000	0.001
788.00	-0.000	0.000	0.000	0.001	0.001	0.001	0.001	0.001	0.001	0.000	0.006	0.001	-0.000	0.001
789.00	-0.000	0.000	0.001	0.001	0.001	0.001	0.001	0.001	0.001	0.000	0.006	0.001	0.000	0.001
790.00	-0.000	0.000	0.001	0.001	0.001	0.001	0.001	0.001	0.001	0.000	0.006	0.001	0.000	0.001
791.00	-0.000	0.000	0.001	0.001	0.001	0.001	0.001	0.001	0.001	0.000	0.006	0.001	0.000	0.001
792.00	-0.000	0.000	0.001	0.001	0.002	0.001	0.001	0.001	0.001	0.000	0.006	0.001	0.000	0.001
793.00	-0.000	0.000	0.001	0.001	0.001	0.001	0.001	0.001	0.001	0.000	0.006	0.001	0.000	0.001
794.00	-0.000	0.000	0.001	0.001	0.001	0.001	0.001	0.001	0.001	0.000	0.006	0.001	0.000	0.001
795.00	-0.000	0.000	0.001	0.001	0.001	0.001	0.001	0.001	0.001	0.000	0.006	0.001	0.000	0.001
796.00	-0.000	0.000	0.001	0.001	0.002	0.001	0.001	0.001	0.001	0.000	0.006	0.001	0.000	0.001
797.00	-0.000	0.000	0.001	0.001	0.002	0.001	0.001	0.001	0.001	0.000	0.006	0.001	0.000	0.001
798.00	-0.000	0.000	0.001	0.001	0.001	0.001	0.001	0.001	0.001	0.000	0.006	0.001	0.000	0.001
799.00	-0.000	0.000	0.001	0.001	0.002	0.001	0.001	0.001	0.001	0.000	0.006	0.001	0.000	0.001
800.00	-0.000	0.000	0.001	0.001	0.001	0.001	0.001	0.001	0.001	0.000	0.006	0.001	0.000	0.001
801.00	-0.000	0.000	0.001	0.001	0.002	0.001	0.001	0.001	0.001	0.000	0.006	0.001	0.000	0.001
802.00	-0.000	0.000	0.001	0.001	0.001	0.001	0.001	0.001	0.001	0.001	0.006	0.001	0.000	0.001
803.00	-0.000	0.000	0.000	0.001	0.001	0.001	0.001	0.001	0.001	0.000	0.006	0.001	0.000	0.001
804.00	-0.000	0.000	0.000	0.001	0.001	0.001	0.001	0.001	0.001	0.000	0.006	0.001	0.000	0.001
805.00	-0.000	0.000	0.001	0.001	0.001	0.001	0.001	0.001	0.001	0.001	0.006	0.001	0.000	0.001
806.00	-0.000	0.000	0.001	0.001	0.002	0.001	0.001	0.001	0.001	0.001	0.006	0.001	0.000	0.001
807.00	-0.000	0.000	0.001	0.001	0.001	0.001	0.001	0.001	0.001	0.000	0.006	0.001	0.000	0.001
808.00	-0.000	0.000	0.001	0.001	0.001	0.001	0.001	0.001	0.001	0.000	0.006	0.001	0.000	0.001
809.00	-0.000	0.000	0.001	0.001	0.001	0.001	0.001	0.001	0.001	0.000	0.006	0.001	0.000	0.001
810.00	-0.000	0.000	0.001	0.001	0.001	0.001	0.001	0.001	0.001	0.000	0.006	0.001	0.000	0.001
811.00	-0.000	0.000	0.001	0.001	0.001	0.001	0.001	0.001	0.001	0.000	0.006	0.001	0.000	0.001
812.00	-0.000	0.000	0.001	0.001	0.001	0.001	0.001	0.001	0.001	0.000	0.006	0.001	0.000	0.001
813.00	-0.000	0.000	0.001	0.001	0.001	0.001	0.001	0.001	0.001	0.000	0.006	0.001	0.000	0.001
814.00	-0.000	0.000	0.001	0.001	0.001	0.001	0.001	0.001	0.001	0.000	0.006	0.001	0.000	0.001
815.00	-0.000	0.000	0.001	0.001	0.001	0.001	0.001	0.001	0.001	0.001	0.006	0.001	0.000	0.001
816.00	-0.000	0.000	0.001	0.001	0.001	0.001	0.001	0.001	0.001	0.001	0.006	0.001	0.000	0.001
817.00	-0.000	0.000	0.001	0.001	0.001	0.001	0.001	0.001	0.001	0.001	0.006	0.001	0.000	0.001
818.00	-0.000	0.000	0.001	0.001	0.001	0.001	0.001	0.001	0.001	0.001	0.006	0.001	0.000	0.001
819.00	-0.000	0.000	0.001	0.001	0.002	0.001	0.001	0.001	0.001	0.001	0.006	0.001	0.000	0.001
820.00	-0.000	0.000	0.001	0.001	0.002	0.001	0.001	0.001	0.001	0.001	0.006	0.001	0.000	0.001
821.00	-0.000	0.000	0.001	0.001	0.001	0.001	0.001	0.001	0.001	0.001	0.006	0.001	0.000	0.001
822.00	-0.000	0.000	0.001	0.001	0.001	0.001	0.001	0.001	0.001	0.000	0.006	0.001	0.000	0.001
823.00	-0.000	0.000	0.001	0.001	0.001	0.001	0.001	0.001	0.001	0.000	0.006	0.001	0.000	0.001
824.00	-0.000	0.000	0.001	0.001	0.001	0.001	0.001	0.001	0.001	0.000	0.006	0.001	0.000	0.001
825.00	-0.000	0.000	0.001	0.001	0.001	0.001	0.001	0.001	0.001	0.000	0.005	0.001	0.000	0.001
826.00	-0.000	0.000	0.000	0.001	0.001	0.001	0.001	0.001	0.001	0.000	0.005	0.001	0.000	0.001
827.00	0.000	0.000	0.001	0.001	0.001	0.001	0.001	0.001	0.001	0.000	0.006	0.001	0.000	0.001
828.00	0.000	0.000	0.001	0.001	0.001	0.001	0.001	0.001	0.001	0.000	0.006	0.001	0.000	0.001
829.00	-0.000	0.000	0.000	0.001	0.001	0.001	0.001	0.001	0.001	0.000	0.005	0.000	-0.000	0.000
830.00	-0.000	0.000	0.000	0.001	0.001	0.001	0.001	0.001	0.001	0.000	0.005	0.001	-0.000	0.000
831.00	-0.000	0.000	0.000	0.001	0.001	0.001	0.001	0.001	0.001	0.000	0.005	0.001	-0.000	0.000
832.00	-0.000	0.000	0.000	0.001	0.001	0.001	0.001	0.001	0.001	0.000	0.005	0.001	-0.000	0.000
833.00	0.000	0.000	0.001	0.001	0.001	0.001	0.001	0.001	0.001	0.000	0.005	0.001	-0.000	0.001
834.00	0.000	0.000	0.001	0.001	0.001	0.001	0.001	0.001	0.001	0.000	0.005	0.001	0.000	0.001
835.00	0.000	0.000	0.001	0.001	0.001	0.001	0.001	0.001	0.001	0.000	0.005	0.001	0.000	0.001
836.00	0.000	0.000	0.001	0.001	0.001	0.001	0.001	0.001	0.001	0.000	0.005	0.001	0.000	0.001
837.00	0.000	0.000	0.001	0.001	0.001	0.001	0.001	0.001	0.001	0.000	0.006	0.001	0.000	0.001
838.00	0.000	0.000	0.001	0.001	0.001	0.001	0.001	0.001	0.001	0.000	0.005	0.001	0.000	0.001
839.00	0.000	0.000	0.001	0.001	0.001	0.001	0.001	0.001	0.001	0.000	0.005	0.001	-0.000	0.001
840.00	0.000	0.000	0.000	0.001	0.001	0.001	0.001	0.001	0.001	0.000	0.005	0.001	-0.000	0.001
841.00	0.000	0.000	0.000	0.001	0.001	0.001	0.001	0.001	0.001	0.000	0.005	0.000	-0.000	0.001
842.00	0.000	0.000	0.000	0.001	0.001	0.001	0.001	0.001	0.001	0.000	0.005	0.001	0.000	0.001
843.00	-0.000	0.000	0.000	0.001	0.001	0.001	0.001	0.001	0.001	0.000	0.005	0.001	0.000	0.000
844.00	0.000	0.000	0.001	0.001	0.001	0.001	0.001	0.001	0.001	0.000	0.005	0.001	0.000	0.001
845.00	0.000	0.000	0.001	0.001	0.001	0.001	0.001	0.001	0.001	0.000	0.005	0.001	0.000	0.001
846.00	0.000	0.000	0.001	0.001	0.001	0.001	0.001	0.001	0.001	0.000	0.005	0.001	0.000	0.001
847.00	0.000	0.000	0.001	0.001	0.001	0.001	0.001	0.001	0.001	0.000	0.005	0.001	0.000	0.001
848.00	0.000	0.000	0.001	0.001	0.001	0.001	0.001	0.001	0.001	0.000	0.005	0.001	0.000	0.001
849.00	0.000	0.000	0.001	0.001	0.001	0.001	0.001	0.001	0.001	0.000	0.005	0.001	0.000	0.001
850.00	0.000	0.000	0.001	0.001	0.001	0.001	0.001	0.001	0.001	0.000	0.005	0.001	0.000	0.000
