190.00	0.033	1.024	0.371	0.166	0.290	0.408	0.273	1.508
191.00	0.029	0.977	0.349	0.158	0.268	0.398	0.257	1.438
192.00	0.028	0.934	0.328	0.153	0.249	0.391	0.240	1.363
193.00	0.028	0.886	0.305	0.148	0.228	0.383	0.224	1.286
194.00	0.026	0.851	0.287	0.142	0.211	0.378	0.210	1.220
195.00	0.026	0.819	0.270	0.138	0.196	0.373	0.198	1.161
196.00	0.026	0.791	0.256	0.136	0.184	0.370	0.187	1.112
197.00	0.025	0.765	0.243	0.133	0.172	0.367	0.178	1.071
198.00	0.024	0.743	0.232	0.130	0.162	0.363	0.169	1.036
199.00	0.023	0.725	0.223	0.128	0.154	0.361	0.163	1.006
200.00	0.023	0.709	0.215	0.126	0.147	0.358	0.157	0.980
201.00	0.021	0.694	0.208	0.124	0.140	0.355	0.151	0.954
202.00	0.021	0.679	0.201	0.122	0.133	0.352	0.146	0.930
203.00	0.020	0.666	0.195	0.120	0.128	0.348	0.141	0.909
204.00	0.019	0.651	0.189	0.118	0.122	0.344	0.137	0.887
205.00	0.018	0.636	0.183	0.115	0.117	0.339	0.132	0.865
206.00	0.018	0.621	0.178	0.113	0.113	0.334	0.128	0.844
207.00	0.017	0.605	0.174	0.111	0.109	0.328	0.124	0.821
208.00	0.016	0.588	0.169	0.108	0.106	0.322	0.121	0.798
209.00	0.016	0.570	0.165	0.106	0.103	0.315	0.118	0.772
210.00	0.016	0.551	0.160	0.103	0.100	0.307	0.114	0.742
211.00	0.015	0.530	0.156	0.100	0.096	0.299	0.111	0.712
212.00	0.015	0.508	0.151	0.098	0.093	0.291	0.107	0.679
213.00	0.014	0.485	0.147	0.095	0.091	0.283	0.104	0.645
214.00	0.014	0.461	0.142	0.092	0.088	0.274	0.100	0.611
215.00	0.014	0.437	0.138	0.090	0.086	0.266	0.097	0.575
216.00	0.013	0.412	0.134	0.087	0.083	0.257	0.094	0.541
217.00	0.013	0.388	0.130	0.085	0.081	0.248	0.091	0.507
218.00	0.013	0.367	0.126	0.082	0.079	0.240	0.088	0.475
219.00	0.013	0.346	0.122	0.080	0.078	0.232	0.085	0.443
220.00	0.013	0.325	0.119	0.078	0.076	0.225	0.083	0.411
221.00	0.012	0.305	0.115	0.076	0.074	0.218	0.081	0.382
222.00	0.012	0.287	0.112	0.074	0.073	0.211	0.078	0.356
223.00	0.012	0.270	0.109	0.072	0.071	0.205	0.076	0.331
224.00	0.012	0.254	0.106	0.071	0.070	0.199	0.074	0.308
225.00	0.012	0.239	0.103	0.069	0.068	0.194	0.072	0.286
226.00	0.012	0.225	0.100	0.067	0.067	0.189	0.070	0.266
227.00	0.011	0.213	0.098	0.066	0.065	0.184	0.068	0.248
228.00	0.011	0.202	0.095	0.064	0.064	0.179	0.066	0.232
229.00	0.011	0.192	0.093	0.063	0.063	0.175	0.064	0.218
230.00	0.011	0.183	0.091	0.062	0.062	0.171	0.063	0.205
231.00	0.011	0.175	0.089	0.061	0.061	0.167	0.062	0.194
232.00	0.010	0.168	0.087	0.059	0.059	0.164	0.060	0.184
233.00	0.010	0.162	0.086	0.059	0.059	0.161	0.059	0.176
234.00	0.010	0.156	0.084	0.058	0.058	0.158	0.058	0.168
235.00	0.010	0.152	0.083	0.057	0.057	0.155	0.057	0.162
236.00	0.010	0.148	0.082	0.056	0.056	0.152	0.056	0.156
237.00	0.010	0.144	0.080	0.055	0.055	0.150	0.055	0.152
238.00	0.010	0.141	0.079	0.055	0.054	0.148	0.054	0.148
239.00	0.010	0.138	0.078	0.054	0.054	0.146	0.053	0.144
240.00	0.010	0.135	0.077	0.054	0.053	0.144	0.053	0.141
241.00	0.009	0.133	0.077	0.053	0.052	0.142	0.052	0.138
242.00	0.009	0.131	0.076	0.052	0.052	0.140	0.052	0.136
243.00	0.009	0.130	0.075	0.052	0.051	0.138	0.051	0.133
244.00	0.009	0.128	0.074	0.051	0.051	0.137	0.050	0.131
245.00	0.009	0.126	0.073	0.051	0.050	0.135	0.050	0.130
246.00	0.009	0.125	0.072	0.050	0.050	0.133	0.049	0.128
247.00	0.009	0.123	0.072	0.050	0.049	0.132	0.049	0.126
248.00	0.008	0.122	0.071	0.049	0.049	0.131	0.048	0.125
249.00	0.008	0.121	0.071	0.049	0.048	0.130	0.048	0.124
250.00	0.008	0.120	0.070	0.048	0.048	0.129	0.047	0.123
251.00	0.008	0.119	0.070	0.048	0.048	0.127	0.047	0.122
252.00	0.008	0.118	0.069	0.048	0.047	0.126	0.047	0.121
253.00	0.008	0.117	0.069	0.047	0.047	0.125	0.046	0.120
254.00	0.008	0.116	0.068	0.046	0.046	0.124	0.046	0.118
255.00	0.008	0.115	0.068	0.046	0.046	0.123	0.045	0.118
256.00	0.008	0.114	0.067	0.046	0.045	0.122	0.045	0.117
257.00	0.008	0.113	0.067	0.045	0.045	0.121	0.045	0.116
258.00	0.008	0.112	0.066	0.045	0.045	0.120	0.044	0.115
259.00	0.008	0.112	0.065	0.044	0.045	0.119	0.044	0.114
260.00	0.008	0.111	0.065	0.044	0.044	0.117	0.043	0.113
261.00	0.008	0.110	0.064	0.043	0.044	0.116	0.043	0.112
262.00	0.008	0.109	0.064	0.043	0.043	0.115	0.043	0.111
263.00	0.008	0.108	0.063	0.042	0.043	0.114	0.042	0.111
264.00	0.008	0.107	0.062	0.042	0.042	0.113	0.041	0.110
265.00	0.008	0.106	0.062	0.041	0.042	0.112	0.041	0.109
266.00	0.008	0.106	0.061	0.041	0.041	0.111	0.041	0.108
267.00	0.008	0.105	0.061	0.040	0.041	0.109	0.040	0.107
268.00	0.007	0.104	0.060	0.040	0.040	0.108	0.040	0.106
269.00	0.008	0.103	0.059	0.039	0.040	0.107	0.039	0.105
270.00	0.007	0.102	0.059	0.039	0.039	0.106	0.039	0.104
271.00	0.007	0.102	0.058	0.038	0.038	0.105	0.038	0.103
272.00	0.007	0.101	0.057	0.038	0.038	0.104	0.037	0.102
273.00	0.007	0.100	0.057	0.037	0.037	0.103	0.037	0.102
274.00	0.007	0.099	0.056	0.037	0.037	0.102	0.036	0.101
275.00	0.007	0.098	0.055	0.036	0.036	0.101	0.036	0.100
276.00	0.007	0.098	0.055	0.036	0.036	0.100	0.035	0.099
277.00	0.007	0.097	0.054	0.035	0.035	0.098	0.035	0.098
278.00	0.007	0.096	0.053	0.035	0.034	0.097	0.034	0.097
279.00	0.007	0.095	0.052	0.034	0.034	0.096	0.034	0.096
280.00	0.007	0.094	0.052	0.034	0.033	0.095	0.033	0.095
281.00	0.007	0.093	0.051	0.034	0.032	0.094	0.032	0.094
282.00	0.007	0.092	0.050	0.033	0.031	0.093	0.032	0.093
283.00	0.007	0.092	0.050	0.032	0.031	0.092	0.031	0.092
284.00	0.007	0.091	0.049	0.032	0.030	0.091	0.031	0.091
285.00	0.007	0.090	0.048	0.032	0.030	0.090	0.030	0.090
286.00	0.006	0.089	0.047	0.031	0.029	0.088	0.029	0.089
287.00	0.006	0.088	0.047	0.031	0.028	0.087	0.029	0.089
288.00	0.006	0.087	0.046	0.030	0.028	0.086	0.028	0.087
289.00	0.006	0.086	0.045	0.030	0.027	0.085	0.028	0.087
290.00	0.006	0.086	0.045	0.029	0.027	0.084	0.027	0.086
291.00	0.006	0.085	0.044	0.029	0.026	0.083	0.027	0.085
292.00	0.006	0.084	0.044	0.029	0.026	0.082	0.026	0.084
293.00	0.006	0.083	0.043	0.028	0.025	0.081	0.026	0.083
294.00	0.006	0.082	0.042	0.028	0.025	0.080	0.025	0.082
295.00	0.006	0.081	0.042	0.028	0.024	0.079	0.025	0.081
296.00	0.006	0.081	0.041	0.027	0.024	0.078	0.024	0.080
297.00	0.006	0.080	0.041	0.027	0.023	0.077	0.024	0.079
298.00	0.006	0.079	0.040	0.026	0.023	0.076	0.023	0.078
299.00	0.006	0.078	0.040	0.026	0.022	0.075	0.023	0.078
300.00	0.006	0.078	0.039	0.026	0.022	0.074	0.022	0.077
301.00	0.006	0.077	0.039	0.025	0.021	0.074	0.022	0.076
302.00	0.006	0.077	0.039	0.025	0.021	0.073	0.022	0.075
303.00	0.006	0.076	0.038	0.025	0.021	0.072	0.021	0.074
304.00	0.006	0.075	0.038	0.024	0.020	0.071	0.021	0.074
305.00	0.006	0.075	0.037	0.024	0.020	0.070	0.021	0.073
306.00	0.006	0.074	0.037	0.024	0.019	0.069	0.020	0.072
307.00	0.006	0.073	0.036	0.023	0.019	0.068	0.019	0.071
308.00	0.006	0.072	0.036	0.023	0.019	0.068	0.019	0.071
309.00	0.006	0.072	0.036	0.023	0.019	0.067	0.019	0.070
310.00	0.005	0.071	0.035	0.022	0.018	0.066	0.018	0.069
311.00	0.006	0.070	0.035	0.022	0.018	0.065	0.018	0.069
312.00	0.006	0.070	0.034	0.022	0.017	0.064	0.018	0.068
313.00	0.006	0.069	0.034	0.021	0.017	0.064	0.018	0.067
314.00	0.006	0.069	0.034	0.021	0.017	0.063	0.018	0.067
315.00	0.005	0.068	0.033	0.021	0.017	0.062	0.017	0.066
316.00	0.005	0.068	0.033	0.021	0.017	0.061	0.017	0.065
317.00	0.005	0.067	0.033	0.021	0.016	0.061	0.017	0.065
318.00	0.005	0.066	0.032	0.020	0.016	0.060	0.016	0.064
319.00	0.005	0.066	0.032	0.020	0.016	0.059	0.016	0.063
320.00	0.005	0.065	0.031	0.019	0.015	0.058	0.016	0.063
321.00	0.005	0.065	0.031	0.019	0.015	0.058	0.016	0.062
322.00	0.005	0.064	0.031	0.019	0.015	0.057	0.015	0.061
323.00	0.005	0.063	0.031	0.019	0.015	0.056	0.015	0.061
324.00	0.005	0.063	0.030	0.019	0.015	0.055	0.015	0.060
325.00	0.005	0.063	0.030	0.018	0.014	0.055	0.015	0.060
326.00	0.005	0.062	0.030	0.018	0.014	0.054	0.014	0.059
327.00	0.005	0.062	0.030	0.018	0.014	0.054	0.015	0.059
328.00	0.005	0.061	0.029	0.017	0.014	0.053	0.014	0.058
329.00	0.005	0.061	0.029	0.017	0.013	0.052	0.014	0.058
330.00	0.005	0.060	0.029	0.017	0.013	0.052	0.014	0.057
331.00	0.005	0.060	0.028	0.017	0.013	0.051	0.014	0.056
332.00	0.005	0.059	0.028	0.017	0.013	0.050	0.014	0.056
333.00	0.005	0.059	0.028	0.017	0.013	0.050	0.013	0.056
334.00	0.005	0.058	0.027	0.016	0.012	0.049	0.013	0.055
335.00	0.005	0.058	0.027	0.016	0.012	0.048	0.013	0.054
336.00	0.004	0.057	0.026	0.015	0.012	0.048	0.012	0.053
337.00	0.004	0.057	0.027	0.016	0.012	0.047	0.012	0.053
338.00	0.005	0.056	0.026	0.016	0.012	0.047	0.012	0.053
339.00	0.005	0.056	0.026	0.015	0.012	0.046	0.012	0.052
340.00	0.006	0.057	0.027	0.016	0.012	0.047	0.013	0.053
341.00	0.005	0.056	0.025	0.015	0.011	0.045	0.012	0.051
342.00	0.004	0.055	0.025	0.014	0.011	0.044	0.011	0.051
343.00	0.004	0.055	0.025	0.014	0.011	0.044	0.011	0.050
344.00	0.004	0.055	0.025	0.014	0.011	0.043	0.011	0.049
345.00	0.004	0.054	0.024	0.014	0.010	0.043	0.011	0.049
346.00	0.004	0.054	0.024	0.013	0.010	0.042	0.010	0.049
347.00	0.004	0.054	0.024	0.013	0.010	0.042	0.011	0.049
348.00	0.004	0.053	0.023	0.013	0.010	0.041	0.010	0.048
349.00	0.004	0.053	0.023	0.013	0.010	0.041	0.010	0.048
350.00	0.004	0.053	0.023	0.013	0.010	0.040	0.010	0.047
351.00	0.004	0.052	0.023	0.013	0.010	0.040	0.010	0.047
352.00	0.004	0.052	0.023	0.013	0.010	0.040	0.010	0.047
353.00	0.004	0.052	0.022	0.012	0.009	0.039	0.009	0.046
354.00	0.004	0.051	0.022	0.012	0.009	0.038	0.009	0.046
355.00	0.004	0.051	0.022	0.012	0.009	0.038	0.009	0.045
356.00	0.004	0.051	0.022	0.012	0.009	0.037	0.009	0.045
357.00	0.004	0.050	0.021	0.012	0.009	0.037	0.009	0.044
358.00	0.004	0.050	0.021	0.012	0.009	0.037	0.009	0.044
359.00	0.004	0.050	0.021	0.012	0.009	0.036	0.009	0.044
360.00	0.004	0.049	0.021	0.011	0.008	0.036	0.008	0.044
361.00	0.004	0.049	0.021	0.011	0.008	0.035	0.008	0.043
362.00	0.003	0.049	0.021	0.011	0.008	0.035	0.008	0.043
363.00	0.004	0.049	0.021	0.011	0.008	0.034	0.008	0.043
364.00	0.004	0.048	0.020	0.011	0.008	0.034	0.008	0.042
365.00	0.003	0.047	0.020	0.010	0.008	0.034	0.007	0.041
366.00	0.003	0.047	0.020	0.010	0.008	0.033	0.007	0.041
367.00	0.003	0.047	0.019	0.010	0.007	0.033	0.007	0.041
368.00	0.003	0.046	0.019	0.010	0.007	0.033	0.007	0.041
369.00	0.003	0.046	0.019	0.010	0.007	0.032	0.007	0.040
370.00	0.003	0.046	0.018	0.010	0.007	0.031	0.007	0.040
371.00	0.003	0.046	0.018	0.009	0.007	0.031	0.007	0.039
372.00	0.003	0.045	0.018	0.009	0.007	0.031	0.007	0.039
373.00	0.003	0.045	0.018	0.009	0.007	0.030	0.007	0.039
374.00	0.003	0.045	0.018	0.009	0.006	0.030	0.006	0.038
375.00	0.003	0.045	0.018	0.009	0.006	0.030	0.006	0.038
376.00	0.003	0.044	0.017	0.009	0.006	0.029	0.006	0.038
377.00	0.003	0.044	0.017	0.009	0.006	0.029	0.006	0.038
378.00	0.003	0.044	0.017	0.009	0.006	0.029	0.006	0.037
379.00	0.003	0.044	0.017	0.008	0.006	0.028	0.006	0.037
380.00	0.003	0.043	0.017	0.008	0.006	0.028	0.006	0.037
381.00	0.003	0.043	0.016	0.008	0.006	0.027	0.006	0.036
382.00	0.003	0.043	0.016	0.008	0.006	0.027	0.006	0.036
383.00	0.002	0.043	0.016	0.008	0.005	0.027	0.005	0.036
384.00	0.002	0.042	0.016	0.008	0.005	0.027	0.005	0.036
385.00	0.002	0.042	0.016	0.008	0.005	0.026	0.005	0.035
386.00	0.003	0.042	0.016	0.008	0.005	0.026	0.005	0.035
387.00	0.002	0.042	0.015	0.008	0.005	0.025	0.005	0.035
388.00	0.002	0.041	0.015	0.008	0.005	0.025	0.005	0.035
389.00	0.002	0.041	0.015	0.008	0.005	0.025	0.005	0.034
390.00	0.002	0.041	0.015	0.007	0.005	0.025	0.005	0.034
391.00	0.002	0.041	0.015	0.007	0.005	0.024	0.005	0.034
392.00	0.002	0.041	0.014	0.007	0.005	0.024	0.005	0.033
393.00	0.002	0.040	0.014	0.007	0.005	0.024	0.004	0.033
394.00	0.002	0.040	0.014	0.007	0.004	0.023	0.005	0.033
395.00	0.002	0.040	0.014	0.007	0.004	0.023	0.004	0.033
396.00	0.002	0.040	0.014	0.007	0.004	0.023	0.004	0.033
397.00	0.002	0.040	0.014	0.007	0.004	0.023	0.004	0.032
398.00	0.002	0.039	0.013	0.007	0.004	0.022	0.004	0.032
399.00	0.002	0.039	0.013	0.007	0.004	0.022	0.004	0.032
400.00	0.002	0.039	0.013	0.007	0.004	0.022	0.004	0.032
401.00	0.002	0.039	0.013	0.006	0.004	0.022	0.004	0.032
402.00	0.002	0.039	0.013	0.006	0.004	0.022	0.004	0.031
403.00	0.002	0.039	0.013	0.006	0.004	0.022	0.004	0.031
404.00	0.002	0.039	0.013	0.006	0.004	0.021	0.004	0.031
405.00	0.002	0.039	0.013	0.006	0.004	0.021	0.004	0.031
406.00	0.002	0.038	0.012	0.006	0.004	0.021	0.004	0.031
407.00	0.002	0.038	0.012	0.006	0.003	0.021	0.004	0.031
408.00	0.002	0.038	0.012	0.006	0.003	0.020	0.004	0.030
409.00	0.002	0.038	0.012	0.006	0.003	0.020	0.003	0.030
410.00	0.002	0.038	0.012	0.006	0.003	0.020	0.003	0.030
411.00	0.002	0.038	0.012	0.006	0.003	0.020	0.003	0.030
412.00	0.002	0.038	0.012	0.006	0.003	0.020	0.003	0.030
413.00	0.002	0.037	0.011	0.006	0.003	0.019	0.003	0.030
414.00	0.002	0.037	0.011	0.006	0.003	0.019	0.003	0.029
415.00	0.002	0.037	0.011	0.006	0.003	0.019	0.003	0.029
416.00	0.002	0.037	0.011	0.006	0.003	0.019	0.003	0.029
417.00	0.001	0.037	0.011	0.006	0.003	0.019	0.003	0.029
418.00	0.001	0.037	0.011	0.006	0.003	0.019	0.003	0.029
419.00	0.001	0.037	0.011	0.006	0.003	0.018	0.003	0.029
420.00	0.001	0.037	0.011	0.006	0.003	0.018	0.003	0.028
421.00	0.001	0.036	0.011	0.005	0.003	0.018	0.003	0.028
422.00	0.001	0.036	0.011	0.005	0.003	0.018	0.003	0.028
423.00	0.001	0.036	0.010	0.005	0.003	0.018	0.003	0.028
424.00	0.001	0.036	0.010	0.005	0.003	0.018	0.003	0.028
425.00	0.002	0.036	0.010	0.006	0.003	0.018	0.003	0.028
426.00	0.001	0.036	0.010	0.005	0.003	0.017	0.003	0.028
427.00	0.001	0.036	0.010	0.005	0.003	0.017	0.003	0.028
428.00	0.001	0.036	0.010	0.005	0.002	0.017	0.003	0.027
429.00	0.001	0.036	0.010	0.005	0.002	0.017	0.003	0.027
430.00	0.001	0.036	0.010	0.005	0.002	0.017	0.003	0.027
431.00	0.001	0.036	0.010	0.005	0.002	0.017	0.003	0.027
432.00	0.001	0.036	0.010	0.005	0.002	0.017	0.003	0.027
433.00	0.001	0.035	0.009	0.005	0.002	0.016	0.003	0.027
434.00	0.001	0.035	0.009	0.005	0.002	0.016	0.003	0.027
435.00	0.001	0.035	0.009	0.005	0.002	0.016	0.003	0.026
436.00	0.001	0.035	0.009	0.005	0.002	0.016	0.003	0.026
437.00	0.001	0.035	0.009	0.005	0.002	0.016	0.003	0.026
438.00	0.001	0.035	0.009	0.005	0.002	0.016	0.002	0.026
439.00	0.001	0.035	0.009	0.005	0.002	0.016	0.002	0.026
440.00	0.001	0.035	0.009	0.005	0.002	0.015	0.002	0.026
441.00	0.001	0.035	0.008	0.005	0.002	0.015	0.002	0.026
442.00	0.001	0.035	0.008	0.005	0.002	0.015	0.002	0.026
443.00	0.001	0.034	0.008	0.005	0.002	0.015	0.002	0.026
444.00	0.001	0.034	0.008	0.005	0.002	0.015	0.002	0.026
445.00	0.001	0.034	0.008	0.005	0.002	0.015	0.002	0.025
446.00	0.001	0.034	0.008	0.004	0.001	0.015	0.002	0.025
447.00	0.001	0.034	0.008	0.004	0.001	0.014	0.002	0.025
448.00	0.001	0.034	0.008	0.004	0.001	0.014	0.002	0.025
449.00	0.001	0.034	0.008	0.004	0.002	0.014	0.002	0.025
450.00	0.001	0.034	0.008	0.004	0.002	0.014	0.002	0.025
451.00	0.001	0.034	0.008	0.004	0.002	0.014	0.002	0.025
452.00	0.001	0.034	0.008	0.004	0.001	0.014	0.002	0.025
453.00	0.001	0.034	0.007	0.004	0.001	0.014	0.002	0.025
454.00	0.001	0.034	0.007	0.004	0.001	0.014	0.002	0.025
455.00	0.001	0.034	0.007	0.004	0.001	0.014	0.002	0.025
456.00	0.001	0.034	0.007	0.004	0.001	0.014	0.002	0.025
457.00	0.001	0.034	0.007	0.004	0.001	0.014	0.002	0.025
458.00	0.001	0.034	0.007	0.004	0.001	0.013	0.002	0.024
459.00	0.001	0.034	0.007	0.004	0.001	0.013	0.002	0.024
460.00	0.001	0.033	0.007	0.004	0.001	0.013	0.002	0.024
461.00	0.001	0.033	0.007	0.004	0.001	0.013	0.002	0.024
462.00	0.001	0.033	0.007	0.004	0.001	0.013	0.002	0.024
463.00	0.001	0.033	0.007	0.004	0.001	0.013	0.002	0.024
464.00	0.001	0.033	0.007	0.004	0.001	0.013	0.001	0.024
465.00	0.001	0.033	0.007	0.004	0.001	0.013	0.001	0.024
466.00	0.001	0.033	0.007	0.004	0.001	0.013	0.001	0.024
467.00	0.001	0.033	0.007	0.004	0.001	0.013	0.001	0.024
468.00	0.001	0.033	0.007	0.004	0.001	0.013	0.001	0.024
469.00	0.001	0.033	0.007	0.004	0.001	0.013	0.002	0.024
470.00	0.001	0.033	0.007	0.004	0.001	0.012	0.001	0.024
471.00	0.001	0.033	0.006	0.004	0.001	0.012	0.001	0.024
472.00	0.001	0.033	0.006	0.004	0.001	0.012	0.001	0.024
473.00	0.001	0.033	0.006	0.004	0.001	0.012	0.001	0.024
474.00	0.001	0.033	0.006	0.004	0.001	0.012	0.001	0.023
475.00	0.001	0.033	0.006	0.004	0.001	0.012	0.001	0.023
476.00	0.001	0.033	0.006	0.004	0.001	0.012	0.001	0.023
477.00	0.001	0.033	0.006	0.004	0.001	0.012	0.001	0.023
478.00	0.001	0.033	0.006	0.004	0.001	0.012	0.001	0.023
479.00	0.001	0.033	0.006	0.004	0.001	0.012	0.001	0.023
480.00	0.001	0.033	0.006	0.004	0.001	0.012	0.001	0.023
481.00	0.001	0.033	0.006	0.004	0.001	0.012	0.001	0.023
482.00	0.001	0.032	0.006	0.004	0.001	0.012	0.001	0.023
483.00	0.001	0.032	0.006	0.004	0.001	0.012	0.001	0.023
484.00	0.001	0.032	0.006	0.004	0.001	0.012	0.001	0.023
485.00	0.001	0.032	0.006	0.004	0.001	0.011	0.001	0.023
486.00	0.001	0.032	0.006	0.003	0.001	0.011	0.001	0.023
487.00	0.001	0.032	0.006	0.004	0.001	0.011	0.001	0.023
488.00	0.001	0.032	0.006	0.003	0.001	0.011	0.001	0.023
489.00	0.000	0.032	0.006	0.003	0.001	0.011	0.001	0.023
490.00	0.000	0.032	0.006	0.003	0.001	0.011	0.001	0.023
491.00	0.000	0.032	0.005	0.003	0.001	0.011	0.001	0.023
492.00	0.001	0.032	0.006	0.003	0.001	0.011	0.001	0.023
493.00	0.000	0.032	0.006	0.003	0.001	0.011	0.001	0.023
494.00	0.001	0.032	0.006	0.003	0.001	0.011	0.001	0.022
495.00	0.001	0.032	0.006	0.003	0.001	0.011	0.001	0.023
496.00	0.000	0.032	0.005	0.003	0.001	0.011	0.001	0.022
497.00	0.000	0.032	0.005	0.003	0.001	0.011	0.001	0.022
498.00	0.000	0.032	0.005	0.003	0.001	0.011	0.001	0.022
499.00	0.000	0.032	0.005	0.003	0.001	0.010	0.001	0.022
500.00	0.001	0.032	0.005	0.003	0.001	0.010	0.001	0.022
501.00	0.001	0.032	0.005	0.003	0.001	0.010	0.001	0.022
502.00	0.000	0.032	0.005	0.003	0.001	0.010	0.001	0.022
503.00	0.000	0.032	0.005	0.003	0.001	0.010	0.001	0.022
504.00	0.001	0.032	0.005	0.003	0.001	0.010	0.001	0.022
505.00	0.000	0.032	0.005	0.003	0.001	0.010	0.001	0.022
506.00	0.000	0.032	0.005	0.003	0.001	0.010	0.001	0.022
507.00	0.000	0.032	0.005	0.003	0.001	0.010	0.001	0.022
508.00	0.000	0.032	0.005	0.003	0.000	0.010	0.001	0.022
509.00	0.000	0.032	0.005	0.003	0.000	0.010	0.001	0.022
510.00	0.000	0.032	0.005	0.003	0.000	0.010	0.001	0.022
511.00	0.000	0.032	0.005	0.003	0.000	0.010	0.001	0.022
512.00	0.000	0.032	0.005	0.003	0.001	0.010	0.001	0.022
513.00	0.000	0.032	0.005	0.003	0.001	0.010	0.001	0.022
514.00	0.000	0.032	0.005	0.003	0.000	0.010	0.001	0.022
515.00	0.000	0.032	0.005	0.003	0.000	0.010	0.001	0.022
516.00	0.000	0.032	0.005	0.003	0.000	0.010	0.001	0.022
517.00	0.000	0.032	0.004	0.003	0.000	0.010	0.001	0.022
518.00	0.000	0.032	0.004	0.003	0.000	0.010	0.001	0.022
519.00	0.000	0.032	0.004	0.003	0.000	0.010	0.001	0.022
520.00	0.000	0.032	0.004	0.003	0.000	0.010	0.001	0.022
521.00	0.000	0.032	0.004	0.003	0.000	0.009	0.001	0.022
522.00	0.000	0.032	0.004	0.003	0.000	0.009	0.001	0.021
523.00	0.000	0.032	0.004	0.003	0.000	0.009	0.001	0.021
524.00	0.000	0.032	0.004	0.003	0.000	0.009	0.001	0.021
525.00	0.000	0.032	0.004	0.003	0.000	0.009	0.001	0.021
526.00	0.000	0.032	0.004	0.003	0.000	0.009	0.001	0.022
527.00	0.000	0.032	0.004	0.003	0.000	0.009	0.001	0.021
528.00	0.000	0.032	0.004	0.003	0.000	0.009	0.001	0.021
529.00	0.000	0.031	0.004	0.003	0.000	0.009	0.001	0.021
530.00	0.000	0.031	0.004	0.003	0.000	0.009	0.001	0.021
531.00	0.000	0.031	0.004	0.003	0.000	0.009	0.000	0.021
532.00	0.000	0.031	0.004	0.003	0.000	0.009	0.000	0.021
533.00	0.000	0.031	0.004	0.003	0.000	0.009	0.001	0.021
534.00	0.000	0.031	0.004	0.003	0.000	0.009	0.000	0.021
535.00	0.000	0.032	0.004	0.003	0.000	0.009	0.001	0.021
536.00	0.001	0.032	0.005	0.004	0.001	0.010	0.001	0.022
537.00	0.000	0.031	0.004	0.003	0.000	0.009	0.001	0.021
538.00	0.000	0.031	0.004	0.003	0.000	0.009	0.000	0.021
539.00	0.000	0.031	0.004	0.003	0.000	0.009	0.000	0.021
540.00	0.000	0.031	0.004	0.003	0.000	0.009	0.000	0.021
541.00	0.000	0.031	0.004	0.003	0.000	0.009	0.000	0.021
542.00	0.000	0.031	0.004	0.003	0.000	0.009	0.000	0.021
543.00	0.000	0.031	0.004	0.003	0.000	0.009	0.000	0.021
544.00	0.000	0.031	0.004	0.003	0.000	0.009	0.000	0.021
545.00	0.000	0.031	0.004	0.003	0.000	0.009	0.000	0.021
546.00	0.000	0.031	0.004	0.003	0.000	0.008	0.000	0.021
547.00	0.000	0.031	0.003	0.003	0.000	0.008	0.000	0.021
548.00	0.000	0.031	0.003	0.003	0.000	0.008	0.000	0.021
549.00	0.000	0.031	0.003	0.003	0.000	0.008	0.000	0.021
550.00	0.000	0.031	0.003	0.003	0.000	0.008	0.000	0.021
551.00	0.000	0.031	0.003	0.003	0.000	0.008	0.000	0.021
552.00	0.000	0.031	0.003	0.003	0.000	0.008	0.000	0.021
553.00	0.000	0.031	0.003	0.003	-0.000	0.008	0.000	0.021
554.00	0.000	0.031	0.003	0.003	0.000	0.008	0.000	0.021
555.00	0.000	0.031	0.003	0.003	0.000	0.008	0.000	0.021
556.00	0.000	0.031	0.003	0.003	0.000	0.008	0.000	0.021
557.00	0.000	0.031	0.003	0.003	0.000	0.008	0.000	0.021
558.00	0.000	0.031	0.003	0.003	0.000	0.008	0.000	0.021
559.00	0.000	0.031	0.003	0.003	0.000	0.008	0.000	0.021
560.00	0.000	0.031	0.003	0.003	0.000	0.008	0.000	0.021
561.00	0.000	0.031	0.003	0.003	0.000	0.008	0.000	0.021
562.00	0.000	0.031	0.003	0.003	0.000	0.008	0.000	0.021
563.00	0.000	0.031	0.003	0.003	0.000	0.008	0.000	0.021
564.00	0.000	0.031	0.003	0.003	0.000	0.008	0.000	0.021
565.00	0.000	0.031	0.003	0.003	0.000	0.008	0.000	0.021
566.00	0.000	0.031	0.003	0.003	0.000	0.008	0.000	0.021
567.00	0.000	0.031	0.003	0.003	0.000	0.008	0.000	0.021
568.00	0.000	0.031	0.003	0.003	-0.000	0.008	0.000	0.021
569.00	0.000	0.031	0.003	0.003	-0.000	0.008	0.000	0.020
570.00	0.000	0.031	0.003	0.003	-0.000	0.008	0.000	0.021
571.00	0.000	0.031	0.003	0.003	-0.000	0.008	0.000	0.021
572.00	0.000	0.031	0.003	0.003	0.000	0.008	0.000	0.021
573.00	0.000	0.031	0.003	0.003	0.000	0.008	0.000	0.021
574.00	0.000	0.031	0.003	0.003	-0.000	0.008	0.000	0.020
575.00	0.000	0.031	0.003	0.003	-0.000	0.008	0.000	0.020
576.00	0.000	0.031	0.003	0.003	-0.000	0.008	0.000	0.020
577.00	0.000	0.031	0.003	0.003	-0.000	0.008	0.000	0.020
578.00	0.000	0.031	0.003	0.003	-0.000	0.008	0.000	0.020
579.00	0.000	0.031	0.003	0.003	0.000	0.008	0.000	0.020
580.00	0.000	0.031	0.003	0.003	-0.000	0.008	0.000	0.020
581.00	0.000	0.031	0.003	0.003	-0.000	0.008	0.000	0.020
582.00	0.000	0.031	0.003	0.003	-0.000	0.007	0.000	0.020
583.00	-0.000	0.031	0.003	0.003	-0.000	0.007	0.000	0.020
584.00	0.000	0.031	0.003	0.003	-0.000	0.007	0.000	0.020
585.00	0.000	0.031	0.003	0.003	-0.000	0.008	0.000	0.020
586.00	0.000	0.031	0.003	0.003	-0.000	0.008	0.000	0.020
587.00	0.000	0.031	0.003	0.003	-0.000	0.007	0.000	0.020
588.00	0.000	0.031	0.003	0.003	-0.000	0.007	0.000	0.020
589.00	0.000	0.031	0.003	0.003	-0.000	0.007	0.000	0.020
590.00	-0.000	0.031	0.003	0.003	-0.000	0.007	0.000	0.020
591.00	0.000	0.031	0.003	0.003	-0.000	0.007	0.000	0.020
592.00	0.000	0.031	0.003	0.003	-0.000	0.007	0.000	0.020
593.00	0.000	0.031	0.003	0.003	-0.000	0.007	0.000	0.020
594.00	0.000	0.031	0.003	0.003	-0.000	0.007	0.000	0.020
595.00	0.000	0.032	0.003	0.003	-0.000	0.007	0.000	0.020
596.00	0.000	0.031	0.003	0.003	-0.000	0.007	0.000	0.020
597.00	-0.000	0.031	0.002	0.003	-0.000	0.007	0.000	0.020
598.00	-0.000	0.031	0.002	0.003	-0.000	0.007	0.000	0.020
599.00	-0.000	0.031	0.002	0.003	-0.000	0.007	0.000	0.020
600.00	-0.000	0.031	0.002	0.003	-0.000	0.007	0.000	0.020
601.00	-0.000	0.031	0.002	0.003	-0.000	0.007	0.000	0.020
602.00	0.000	0.032	0.003	0.003	-0.000	0.007	0.000	0.020
603.00	0.000	0.032	0.003	0.003	-0.000	0.007	0.000	0.020
604.00	0.000	0.032	0.003	0.003	-0.000	0.007	0.000	0.020
605.00	-0.000	0.031	0.002	0.003	-0.000	0.007	0.000	0.020
606.00	0.000	0.032	0.002	0.003	-0.000	0.007	0.000	0.020
607.00	0.000	0.032	0.002	0.003	-0.000	0.007	0.000	0.020
608.00	0.000	0.032	0.002	0.002	-0.000	0.007	0.000	0.020
609.00	-0.000	0.032	0.002	0.003	-0.000	0.007	0.000	0.020
610.00	-0.000	0.031	0.002	0.003	-0.000	0.007	0.000	0.020
611.00	-0.000	0.032	0.002	0.003	-0.000	0.007	0.000	0.020
612.00	0.000	0.032	0.002	0.003	-0.000	0.007	0.000	0.020
613.00	0.000	0.032	0.002	0.003	-0.000	0.007	0.000	0.020
614.00	-0.000	0.031	0.002	0.003	-0.000	0.007	0.000	0.020
615.00	-0.000	0.032	0.002	0.003	-0.000	0.007	0.000	0.020
616.00	0.000	0.032	0.002	0.003	-0.000	0.007	0.000	0.020
617.00	0.000	0.032	0.002	0.003	-0.000	0.007	0.000	0.020
618.00	0.000	0.032	0.002	0.003	-0.000	0.007	0.000	0.020
619.00	-0.000	0.032	0.002	0.002	-0.000	0.007	0.000	0.020
620.00	-0.000	0.032	0.002	0.002	-0.000	0.007	0.000	0.020
621.00	-0.000	0.032	0.002	0.002	-0.000	0.007	0.000	0.020
622.00	-0.000	0.032	0.002	0.002	-0.000	0.007	0.000	0.020
623.00	-0.000	0.032	0.002	0.002	-0.000	0.007	0.000	0.020
624.00	-0.000	0.032	0.002	0.002	-0.000	0.007	0.000	0.020
625.00	-0.000	0.032	0.002	0.002	-0.000	0.007	0.000	0.020
626.00	-0.000	0.032	0.002	0.002	-0.000	0.007	0.000	0.020
627.00	-0.000	0.032	0.002	0.002	-0.000	0.007	0.000	0.020
628.00	0.000	0.032	0.002	0.002	-0.000	0.007	0.000	0.020
629.00	-0.000	0.032	0.002	0.002	-0.000	0.007	0.000	0.020
630.00	-0.000	0.032	0.002	0.002	-0.000	0.007	0.000	0.020
631.00	-0.000	0.032	0.002	0.002	-0.000	0.007	0.000	0.020
632.00	-0.000	0.032	0.002	0.002	-0.000	0.007	0.000	0.020
633.00	-0.000	0.032	0.002	0.002	-0.000	0.007	0.000	0.020
634.00	-0.000	0.032	0.002	0.002	-0.000	0.007	0.000	0.020
635.00	-0.000	0.032	0.002	0.002	-0.000	0.007	0.000	0.020
636.00	-0.000	0.032	0.002	0.002	-0.000	0.007	0.000	0.020
637.00	-0.000	0.032	0.002	0.002	-0.000	0.007	0.000	0.020
638.00	-0.000	0.032	0.002	0.002	-0.000	0.007	0.000	0.020
639.00	-0.000	0.032	0.002	0.002	-0.000	0.006	0.000	0.020
640.00	-0.000	0.032	0.002	0.002	-0.000	0.006	0.000	0.020
641.00	-0.000	0.032	0.002	0.002	-0.000	0.006	0.000	0.020
642.00	-0.000	0.032	0.002	0.002	-0.000	0.006	-0.000	0.020
643.00	-0.000	0.032	0.002	0.002	-0.000	0.006	0.000	0.020
644.00	-0.000	0.032	0.002	0.002	-0.000	0.006	0.000	0.020
645.00	-0.000	0.032	0.002	0.002	-0.000	0.006	0.000	0.020
646.00	-0.000	0.032	0.002	0.002	-0.000	0.006	0.000	0.020
647.00	-0.000	0.032	0.002	0.002	-0.000	0.006	0.000	0.020
648.00	-0.000	0.032	0.002	0.002	-0.000	0.006	0.000	0.020
649.00	-0.000	0.032	0.002	0.002	-0.000	0.006	0.000	0.020
650.00	-0.000	0.032	0.002	0.002	-0.000	0.006	0.000	0.020
651.00	-0.000	0.032	0.002	0.002	-0.000	0.006	0.000	0.020
652.00	-0.000	0.032	0.002	0.002	-0.000	0.006	0.000	0.020
653.00	-0.000	0.032	0.002	0.002	-0.000	0.006	0.000	0.020
654.00	-0.000	0.032	0.002	0.002	-0.000	0.006	0.000	0.020
655.00	-0.000	0.032	0.002	0.002	-0.000	0.006	0.000	0.020
656.00	0.000	0.032	0.002	0.002	-0.000	0.006	0.000	0.020
657.00	-0.000	0.032	0.002	0.002	-0.000	0.006	0.000	0.020
658.00	-0.000	0.032	0.002	0.002	-0.000	0.006	0.000	0.020
659.00	-0.000	0.032	0.002	0.002	-0.000	0.006	0.000	0.020
660.00	-0.000	0.032	0.002	0.002	-0.000	0.006	0.000	0.020
661.00	-0.000	0.032	0.002	0.002	-0.000	0.006	0.000	0.020
662.00	-0.000	0.032	0.002	0.002	-0.000	0.006	0.000	0.020
663.00	-0.000	0.032	0.002	0.002	-0.000	0.006	0.000	0.020
664.00	-0.000	0.032	0.002	0.002	-0.000	0.006	0.000	0.020
665.00	-0.000	0.032	0.002	0.002	-0.000	0.006	0.000	0.020
666.00	-0.000	0.032	0.002	0.002	-0.000	0.006	0.000	0.020
667.00	-0.000	0.032	0.002	0.002	-0.000	0.006	0.000	0.020
668.00	-0.000	0.032	0.002	0.002	-0.000	0.006	0.000	0.020
669.00	-0.000	0.032	0.002	0.002	-0.000	0.006	0.000	0.020
670.00	0.000	0.032	0.002	0.002	-0.000	0.006	0.000	0.020
671.00	0.000	0.032	0.002	0.002	-0.000	0.006	0.000	0.020
672.00	0.000	0.032	0.002	0.002	-0.000	0.006	0.000	0.020
673.00	-0.000	0.032	0.002	0.002	-0.000	0.006	0.000	0.020
674.00	0.000	0.032	0.002	0.002	-0.000	0.006	0.000	0.020
675.00	0.000	0.032	0.002	0.002	-0.000	0.006	0.000	0.020
676.00	0.000	0.032	0.002	0.002	-0.000	0.006	0.000	0.020
677.00	-0.000	0.032	0.002	0.002	-0.000	0.006	0.000	0.020
678.00	-0.000	0.032	0.002	0.002	-0.000	0.006	0.000	0.020
679.00	-0.000	0.032	0.002	0.002	-0.000	0.006	0.000	0.019
680.00	-0.000	0.032	0.002	0.002	-0.000	0.006	-0.000	0.019
681.00	-0.000	0.032	0.002	0.002	-0.000	0.006	-0.000	0.019
682.00	-0.000	0.032	0.002	0.002	-0.000	0.006	0.000	0.019
683.00	-0.000	0.032	0.002	0.002	-0.000	0.006	0.000	0.020
684.00	-0.000	0.032	0.002	0.002	-0.000	0.006	0.000	0.020
685.00	0.000	0.032	0.002	0.002	-0.000	0.006	0.000	0.020
686.00	-0.000	0.032	0.002	0.002	-0.000	0.006	0.000	0.020
687.00	-0.000	0.032	0.002	0.002	-0.000	0.006	0.000	0.019
688.00	-0.000	0.032	0.002	0.002	-0.000	0.006	-0.000	0.019
689.00	-0.000	0.032	0.002	0.002	-0.000	0.006	0.000	0.019
690.00	-0.000	0.032	0.002	0.002	-0.000	0.006	0.000	0.019
691.00	0.000	0.032	0.002	0.002	-0.000	0.006	0.000	0.019
692.00	0.000	0.032	0.002	0.002	-0.000	0.006	0.000	0.019
693.00	-0.000	0.032	0.002	0.002	-0.000	0.006	-0.000	0.019
694.00	-0.000	0.032	0.002	0.002	-0.000	0.006	0.000	0.019
695.00	-0.000	0.032	0.002	0.002	-0.000	0.006	0.000	0.019
696.00	0.000	0.032	0.002	0.002	-0.000	0.006	0.000	0.019
697.00	-0.000	0.032	0.002	0.002	-0.000	0.006	0.000	0.019
698.00	0.000	0.032	0.002	0.002	-0.000	0.006	0.000	0.019
699.00	-0.000	0.032	0.002	0.002	-0.000	0.006	-0.000	0.019
700.00	-0.000	0.032	0.002	0.002	-0.000	0.006	0.000	0.019
701.00	-0.000	0.032	0.002	0.002	-0.000	0.006	0.000	0.019
702.00	-0.000	0.032	0.002	0.002	-0.000	0.006	0.000	0.019
703.00	-0.000	0.032	0.002	0.002	-0.000	0.006	0.000	0.019
704.00	-0.000	0.032	0.002	0.002	-0.000	0.006	0.000	0.019
705.00	-0.000	0.032	0.002	0.002	-0.000	0.006	0.000	0.019
706.00	-0.000	0.032	0.002	0.002	-0.000	0.006	0.000	0.019
707.00	-0.000	0.032	0.002	0.002	-0.000	0.006	-0.000	0.019
708.00	-0.000	0.032	0.002	0.002	-0.000	0.006	-0.000	0.019
709.00	-0.000	0.032	0.002	0.002	-0.000	0.006	-0.000	0.019
710.00	-0.000	0.032	0.002	0.002	-0.000	0.006	-0.000	0.019
711.00	-0.000	0.032	0.002	0.002	-0.000	0.006	-0.000	0.019
712.00	-0.000	0.032	0.002	0.002	-0.000	0.006	-0.000	0.019
713.00	-0.000	0.032	0.002	0.002	-0.000	0.006	-0.000	0.019
714.00	-0.000	0.032	0.002	0.002	-0.000	0.006	-0.000	0.019
715.00	-0.000	0.032	0.002	0.002	-0.000	0.006	-0.000	0.019
716.00	-0.000	0.032	0.002	0.002	-0.000	0.006	-0.000	0.019
717.00	-0.000	0.032	0.002	0.002	-0.000	0.006	-0.000	0.019
718.00	0.000	0.032	0.002	0.002	-0.000	0.006	0.000	0.019
719.00	-0.000	0.032	0.002	0.002	-0.000	0.006	-0.000	0.019
720.00	-0.000	0.032	0.002	0.002	-0.000	0.006	-0.000	0.019
721.00	0.000	0.032	0.002	0.002	-0.000	0.006	0.000	0.019
722.00	0.000	0.032	0.002	0.002	-0.000	0.006	-0.000	0.019
723.00	0.000	0.032	0.002	0.002	-0.000	0.006	-0.000	0.019
724.00	-0.000	0.032	0.001	0.002	-0.000	0.005	-0.000	0.019
725.00	-0.000	0.032	0.001	0.002	-0.000	0.005	-0.000	0.019
726.00	-0.000	0.032	0.001	0.002	-0.000	0.005	-0.000	0.019
727.00	-0.000	0.032	0.002	0.002	-0.000	0.006	-0.000	0.019
728.00	-0.000	0.032	0.001	0.002	-0.000	0.005	-0.000	0.019
729.00	-0.000	0.032	0.001	0.002	-0.000	0.005	-0.000	0.019
730.00	-0.000	0.032	0.001	0.002	-0.000	0.005	-0.000	0.019
731.00	-0.000	0.032	0.001	0.002	-0.000	0.005	-0.000	0.019
732.00	-0.000	0.032	0.001	0.002	-0.000	0.005	-0.000	0.019
733.00	-0.000	0.032	0.001	0.002	-0.000	0.005	-0.000	0.019
734.00	-0.000	0.032	0.001	0.002	-0.001	0.005	-0.000	0.019
735.00	-0.000	0.032	0.001	0.002	-0.000	0.006	-0.000	0.019
736.00	0.000	0.032	0.001	0.002	-0.000	0.005	-0.000	0.019
737.00	-0.000	0.032	0.001	0.002	-0.000	0.005	-0.000	0.019
738.00	-0.000	0.032	0.001	0.002	-0.000	0.005	-0.000	0.019
739.00	0.000	0.032	0.001	0.002	-0.000	0.005	-0.000	0.019
740.00	0.000	0.032	0.002	0.002	-0.000	0.005	-0.000	0.019
741.00	0.000	0.032	0.001	0.002	-0.000	0.005	-0.000	0.019
742.00	0.000	0.032	0.001	0.002	-0.000	0.005	-0.000	0.019
743.00	0.000	0.032	0.001	0.002	-0.000	0.005	-0.000	0.019
744.00	-0.000	0.032	0.001	0.002	-0.000	0.005	-0.000	0.019
745.00	-0.000	0.032	0.001	0.002	-0.000	0.005	-0.000	0.019
746.00	-0.000	0.032	0.001	0.002	-0.000	0.005	-0.000	0.019
747.00	-0.000	0.032	0.001	0.002	-0.000	0.005	-0.000	0.019
748.00	-0.000	0.032	0.001	0.002	-0.000	0.005	-0.000	0.019
749.00	0.000	0.032	0.001	0.002	-0.000	0.005	-0.000	0.019
750.00	-0.000	0.032	0.001	0.002	-0.000	0.005	-0.000	0.019
751.00	-0.000	0.032	0.001	0.002	-0.000	0.005	-0.000	0.019
752.00	-0.000	0.032	0.001	0.002	-0.000	0.005	-0.000	0.019
753.00	-0.000	0.032	0.001	0.002	-0.000	0.005	-0.000	0.019
754.00	-0.000	0.032	0.001	0.002	-0.000	0.005	-0.000	0.019
755.00	-0.000	0.032	0.001	0.002	-0.000	0.005	-0.000	0.019
756.00	-0.000	0.032	0.001	0.002	-0.000	0.005	-0.000	0.019
757.00	-0.000	0.032	0.001	0.002	-0.000	0.005	-0.000	0.019
758.00	-0.000	0.032	0.001	0.002	-0.000	0.005	-0.000	0.019
759.00	0.000	0.032	0.002	0.002	-0.000	0.005	0.000	0.019
760.00	0.001	0.033	0.002	0.003	0.001	0.006	0.001	0.020
761.00	0.000	0.032	0.002	0.002	-0.000	0.006	0.000	0.019
762.00	-0.000	0.032	0.001	0.002	-0.000	0.005	-0.000	0.019
763.00	-0.000	0.032	0.001	0.002	-0.001	0.005	-0.000	0.019
764.00	-0.000	0.032	0.001	0.002	-0.001	0.005	-0.000	0.019
765.00	-0.000	0.032	0.001	0.002	-0.000	0.005	-0.000	0.019
766.00	-0.000	0.032	0.001	0.002	-0.000	0.005	-0.000	0.019
767.00	-0.000	0.032	0.001	0.002	-0.000	0.005	-0.000	0.019
768.00	-0.000	0.032	0.001	0.002	-0.000	0.005	-0.000	0.019
769.00	-0.000	0.032	0.001	0.002	-0.000	0.005	-0.000	0.019
770.00	-0.000	0.032	0.001	0.002	-0.000	0.005	-0.000	0.019
771.00	-0.000	0.032	0.001	0.002	-0.000	0.005	-0.000	0.019
772.00	-0.000	0.032	0.001	0.002	-0.000	0.005	-0.000	0.019
773.00	-0.000	0.032	0.001	0.002	-0.000	0.005	-0.000	0.019
774.00	-0.000	0.032	0.001	0.002	-0.000	0.005	0.000	0.019
775.00	-0.000	0.032	0.001	0.002	-0.000	0.005	-0.000	0.019
776.00	-0.000	0.032	0.001	0.002	-0.000	0.005	-0.000	0.019
777.00	-0.000	0.032	0.001	0.002	-0.000	0.005	-0.000	0.019
778.00	-0.000	0.032	0.001	0.002	-0.000	0.005	-0.000	0.019
779.00	-0.000	0.032	0.001	0.002	-0.000	0.005	-0.000	0.019
780.00	-0.000	0.032	0.001	0.002	-0.000	0.005	-0.000	0.019
781.00	-0.000	0.032	0.001	0.002	-0.000	0.005	-0.000	0.019
782.00	-0.000	0.032	0.001	0.002	-0.000	0.005	-0.000	0.019
783.00	-0.000	0.032	0.001	0.002	-0.000	0.005	-0.000	0.019
784.00	-0.000	0.032	0.001	0.002	-0.000	0.005	-0.000	0.019
785.00	-0.000	0.032	0.001	0.002	-0.000	0.005	-0.000	0.019
786.00	-0.000	0.032	0.001	0.002	-0.000	0.005	0.000	0.019
787.00	-0.000	0.032	0.001	0.002	-0.000	0.005	0.000	0.019
788.00	-0.000	0.032	0.001	0.002	-0.000	0.005	-0.000	0.019
789.00	-0.000	0.032	0.001	0.002	-0.000	0.005	-0.000	0.019
790.00	-0.000	0.032	0.001	0.002	-0.000	0.005	-0.000	0.019
791.00	-0.000	0.032	0.001	0.002	-0.000	0.005	-0.000	0.019
792.00	-0.000	0.032	0.001	0.002	-0.000	0.005	-0.000	0.019
793.00	-0.000	0.032	0.001	0.002	-0.000	0.005	-0.000	0.019
794.00	-0.000	0.032	0.001	0.002	-0.000	0.005	-0.000	0.019
795.00	-0.000	0.032	0.001	0.002	-0.000	0.005	-0.000	0.019
796.00	-0.000	0.032	0.001	0.002	-0.000	0.005	-0.000	0.019
797.00	-0.000	0.032	0.001	0.002	-0.000	0.005	-0.000	0.019
798.00	-0.000	0.032	0.001	0.002	-0.000	0.005	-0.000	0.019
799.00	-0.000	0.032	0.001	0.002	-0.000	0.005	-0.000	0.019
800.00	-0.000	0.032	0.001	0.002	-0.001	0.005	-0.000	0.019
801.00	-0.000	0.032	0.001	0.002	-0.000	0.005	-0.000	0.019
802.00	-0.000	0.032	0.001	0.002	-0.000	0.005	-0.000	0.019
803.00	-0.000	0.032	0.001	0.002	-0.000	0.005	-0.000	0.019
804.00	-0.000	0.032	0.001	0.002	-0.000	0.005	-0.000	0.019
805.00	-0.000	0.032	0.001	0.002	-0.000	0.005	-0.000	0.019
806.00	-0.000	0.032	0.001	0.002	-0.000	0.005	-0.000	0.019
807.00	-0.000	0.033	0.001	0.002	-0.000	0.005	-0.000	0.019
808.00	-0.000	0.033	0.001	0.002	-0.000	0.005	-0.000	0.019
809.00	-0.000	0.033	0.001	0.002	-0.000	0.005	-0.000	0.019
810.00	-0.000	0.033	0.001	0.002	-0.000	0.005	-0.000	0.019
811.00	-0.000	0.033	0.001	0.002	-0.000	0.005	0.000	0.019
812.00	-0.000	0.033	0.001	0.002	-0.000	0.005	-0.000	0.019
813.00	-0.000	0.033	0.001	0.002	-0.000	0.005	0.000	0.019
814.00	-0.000	0.033	0.001	0.002	-0.000	0.005	0.000	0.019
815.00	-0.000	0.033	0.001	0.002	-0.000	0.005	-0.000	0.019
816.00	-0.000	0.033	0.001	0.002	-0.000	0.005	-0.000	0.019
817.00	-0.000	0.033	0.001	0.002	-0.000	0.005	-0.000	0.019
818.00	-0.000	0.033	0.001	0.002	-0.000	0.005	-0.000	0.019
819.00	-0.000	0.033	0.001	0.002	-0.000	0.005	-0.000	0.019
820.00	-0.000	0.033	0.001	0.002	-0.000	0.005	-0.000	0.019
821.00	-0.000	0.033	0.001	0.002	-0.000	0.005	-0.000	0.019
822.00	-0.000	0.033	0.001	0.002	-0.000	0.005	-0.000	0.019
823.00	-0.000	0.033	0.001	0.002	-0.000	0.005	-0.000	0.019
824.00	-0.000	0.033	0.001	0.002	-0.000	0.005	-0.000	0.019
825.00	-0.000	0.033	0.001	0.002	-0.000	0.005	-0.000	0.019
826.00	-0.000	0.033	0.001	0.002	-0.000	0.005	-0.000	0.019
827.00	0.000	0.033	0.001	0.002	-0.000	0.005	0.000	0.019
828.00	-0.000	0.033	0.001	0.002	-0.000	0.005	-0.000	0.019
829.00	-0.000	0.033	0.001	0.002	-0.000	0.005	-0.000	0.019
830.00	-0.000	0.033	0.001	0.002	-0.000	0.005	-0.000	0.019
831.00	0.000	0.033	0.001	0.002	-0.000	0.005	0.000	0.019
832.00	0.000	0.033	0.001	0.002	-0.000	0.005	-0.000	0.019
833.00	0.000	0.033	0.001	0.002	-0.000	0.005	-0.000	0.019
834.00	0.000	0.033	0.001	0.002	-0.000	0.005	0.000	0.019
835.00	0.000	0.033	0.001	0.002	-0.000	0.005	-0.000	0.019
836.00	0.000	0.033	0.001	0.002	-0.000	0.005	0.000	0.019
837.00	0.000	0.033	0.001	0.002	-0.000	0.005	0.000	0.019
838.00	0.000	0.033	0.001	0.002	-0.000	0.005	0.000	0.019
839.00	0.000	0.033	0.001	0.002	-0.000	0.005	0.000	0.019
840.00	0.000	0.033	0.001	0.002	-0.000	0.005	0.000	0.019
841.00	0.000	0.033	0.001	0.002	-0.000	0.005	0.000	0.019
842.00	0.000	0.033	0.001	0.002	-0.000	0.005	0.000	0.019
843.00	0.000	0.033	0.001	0.002	-0.000	0.005	-0.000	0.019
844.00	0.000	0.033	0.001	0.002	-0.000	0.005	0.000	0.019
845.00	0.000	0.033	0.001	0.002	-0.000	0.005	0.000	0.019
846.00	0.000	0.033	0.001	0.002	-0.000	0.005	0.000	0.019
847.00	0.000	0.033	0.001	0.002	-0.000	0.005	0.000	0.019
848.00	0.000	0.033	0.001	0.002	-0.000	0.005	0.000	0.019
849.00	0.000	0.033	0.001	0.002	-0.000	0.005	0.000	0.019
850.00	0.000	0.033	0.001	0.002	-0.000	0.005	0.000	0.019
