190.00	-0.013	0.370	0.415	0.375	0.076	0.366	0.143	0.386	0.366	0.387	0.137
191.00	-0.014	0.340	0.388	0.347	0.070	0.338	0.136	0.357	0.338	0.357	0.131
192.00	-0.012	0.313	0.357	0.320	0.065	0.310	0.129	0.329	0.311	0.328	0.126
193.00	-0.012	0.287	0.325	0.292	0.059	0.283	0.122	0.300	0.284	0.298	0.119
194.00	-0.012	0.266	0.301	0.271	0.055	0.263	0.117	0.278	0.263	0.274	0.114
195.00	-0.012	0.247	0.277	0.251	0.052	0.243	0.113	0.257	0.243	0.253	0.110
196.00	-0.011	0.230	0.257	0.234	0.049	0.226	0.110	0.239	0.226	0.235	0.108
197.00	-0.011	0.215	0.240	0.219	0.047	0.211	0.107	0.224	0.211	0.220	0.105
198.00	-0.011	0.201	0.226	0.206	0.044	0.198	0.105	0.210	0.199	0.206	0.103
199.00	-0.011	0.191	0.213	0.195	0.043	0.187	0.103	0.198	0.188	0.195	0.101
200.00	-0.011	0.181	0.203	0.185	0.042	0.178	0.101	0.188	0.179	0.185	0.099
201.00	-0.012	0.172	0.193	0.176	0.040	0.169	0.100	0.179	0.170	0.176	0.098
202.00	-0.012	0.165	0.185	0.168	0.039	0.162	0.098	0.170	0.163	0.169	0.096
203.00	-0.011	0.158	0.178	0.162	0.038	0.156	0.097	0.164	0.156	0.163	0.095
204.00	-0.011	0.153	0.172	0.156	0.037	0.150	0.096	0.158	0.151	0.157	0.094
205.00	-0.011	0.147	0.166	0.150	0.036	0.144	0.094	0.151	0.145	0.152	0.092
206.00	-0.011	0.142	0.161	0.145	0.035	0.140	0.093	0.146	0.140	0.147	0.091
207.00	-0.011	0.137	0.157	0.140	0.034	0.135	0.091	0.141	0.135	0.142	0.090
208.00	-0.011	0.133	0.153	0.136	0.033	0.131	0.089	0.137	0.131	0.138	0.088
209.00	-0.011	0.128	0.148	0.131	0.032	0.126	0.088	0.132	0.127	0.133	0.086
210.00	-0.010	0.124	0.144	0.127	0.032	0.122	0.086	0.127	0.123	0.129	0.084
211.00	-0.010	0.120	0.139	0.123	0.031	0.118	0.084	0.123	0.119	0.124	0.083
212.00	-0.009	0.116	0.135	0.118	0.031	0.114	0.082	0.119	0.115	0.119	0.081
213.00	-0.009	0.111	0.130	0.114	0.030	0.110	0.080	0.114	0.110	0.114	0.079
214.00	-0.009	0.107	0.126	0.109	0.029	0.105	0.077	0.109	0.106	0.108	0.076
215.00	-0.009	0.102	0.121	0.105	0.029	0.101	0.075	0.105	0.101	0.103	0.074
216.00	-0.009	0.098	0.117	0.100	0.028	0.097	0.073	0.101	0.097	0.098	0.072
217.00	-0.009	0.094	0.113	0.096	0.027	0.093	0.071	0.096	0.093	0.093	0.070
218.00	-0.008	0.090	0.109	0.092	0.027	0.089	0.069	0.092	0.090	0.088	0.068
219.00	-0.009	0.086	0.104	0.088	0.026	0.085	0.067	0.088	0.086	0.083	0.065
220.00	-0.008	0.083	0.100	0.084	0.025	0.082	0.065	0.085	0.082	0.078	0.064
221.00	-0.008	0.079	0.097	0.081	0.025	0.078	0.063	0.081	0.079	0.074	0.062
222.00	-0.008	0.076	0.093	0.078	0.025	0.075	0.061	0.078	0.075	0.071	0.060
223.00	-0.008	0.073	0.090	0.075	0.024	0.072	0.060	0.075	0.073	0.067	0.059
224.00	-0.008	0.070	0.087	0.072	0.024	0.069	0.058	0.072	0.070	0.063	0.057
225.00	-0.008	0.067	0.084	0.069	0.023	0.067	0.056	0.069	0.067	0.060	0.055
226.00	-0.008	0.065	0.081	0.066	0.022	0.064	0.055	0.066	0.064	0.057	0.054
227.00	-0.008	0.062	0.078	0.064	0.022	0.062	0.053	0.064	0.062	0.054	0.052
228.00	-0.008	0.060	0.076	0.061	0.022	0.060	0.052	0.062	0.060	0.051	0.051
229.00	-0.008	0.058	0.074	0.059	0.021	0.057	0.051	0.060	0.058	0.049	0.050
230.00	-0.008	0.056	0.071	0.057	0.021	0.056	0.050	0.058	0.056	0.047	0.049
231.00	-0.008	0.054	0.070	0.056	0.020	0.054	0.049	0.056	0.054	0.045	0.048
232.00	-0.008	0.052	0.068	0.054	0.020	0.052	0.048	0.054	0.053	0.044	0.047
233.00	-0.008	0.051	0.066	0.053	0.020	0.051	0.047	0.053	0.051	0.042	0.046
234.00	-0.008	0.050	0.065	0.051	0.019	0.049	0.046	0.051	0.050	0.041	0.045
235.00	-0.008	0.049	0.063	0.050	0.019	0.048	0.045	0.050	0.049	0.040	0.044
236.00	-0.008	0.047	0.062	0.049	0.018	0.047	0.044	0.049	0.048	0.038	0.043
237.00	-0.008	0.046	0.061	0.047	0.018	0.046	0.044	0.048	0.046	0.038	0.043
238.00	-0.008	0.045	0.060	0.046	0.018	0.045	0.043	0.047	0.045	0.037	0.042
239.00	-0.008	0.045	0.059	0.046	0.017	0.044	0.042	0.046	0.045	0.036	0.041
240.00	-0.008	0.044	0.058	0.045	0.017	0.044	0.041	0.046	0.044	0.035	0.040
241.00	-0.008	0.043	0.057	0.044	0.017	0.043	0.041	0.045	0.043	0.035	0.040
242.00	-0.008	0.042	0.056	0.043	0.017	0.042	0.040	0.044	0.042	0.034	0.039
243.00	-0.008	0.042	0.056	0.043	0.017	0.042	0.040	0.043	0.042	0.034	0.039
244.00	-0.008	0.041	0.055	0.042	0.016	0.041	0.039	0.043	0.041	0.033	0.038
245.00	-0.007	0.041	0.054	0.042	0.016	0.041	0.039	0.042	0.041	0.033	0.038
246.00	-0.008	0.040	0.053	0.041	0.016	0.040	0.038	0.042	0.040	0.032	0.037
247.00	-0.007	0.040	0.053	0.041	0.016	0.040	0.038	0.041	0.040	0.032	0.037
248.00	-0.007	0.039	0.052	0.040	0.016	0.039	0.038	0.041	0.039	0.032	0.037
249.00	-0.007	0.039	0.052	0.040	0.015	0.039	0.037	0.041	0.039	0.031	0.036
250.00	-0.007	0.039	0.052	0.040	0.015	0.039	0.037	0.040	0.039	0.031	0.036
251.00	-0.007	0.038	0.051	0.039	0.015	0.038	0.037	0.040	0.039	0.031	0.036
252.00	-0.007	0.038	0.050	0.039	0.015	0.038	0.036	0.040	0.038	0.031	0.036
253.00	-0.007	0.037	0.050	0.038	0.015	0.038	0.036	0.039	0.038	0.030	0.035
254.00	-0.007	0.037	0.050	0.038	0.015	0.037	0.035	0.039	0.037	0.030	0.035
255.00	-0.007	0.037	0.049	0.038	0.015	0.037	0.035	0.039	0.037	0.030	0.034
256.00	-0.007	0.037	0.049	0.038	0.015	0.037	0.035	0.038	0.037	0.030	0.034
257.00	-0.007	0.036	0.048	0.037	0.015	0.036	0.035	0.038	0.036	0.029	0.034
258.00	-0.007	0.036	0.048	0.037	0.014	0.036	0.034	0.038	0.036	0.029	0.033
259.00	-0.007	0.035	0.048	0.037	0.014	0.036	0.034	0.037	0.036	0.029	0.033
260.00	-0.007	0.035	0.047	0.036	0.014	0.035	0.034	0.037	0.035	0.028	0.033
261.00	-0.006	0.035	0.047	0.036	0.014	0.035	0.034	0.037	0.035	0.028	0.033
262.00	-0.007	0.034	0.046	0.035	0.014	0.035	0.033	0.036	0.035	0.028	0.032
263.00	-0.007	0.034	0.046	0.035	0.014	0.034	0.033	0.036	0.034	0.028	0.032
264.00	-0.007	0.033	0.045	0.034	0.013	0.034	0.032	0.036	0.033	0.028	0.031
265.00	-0.007	0.033	0.044	0.034	0.013	0.033	0.032	0.035	0.033	0.027	0.031
266.00	-0.007	0.033	0.044	0.033	0.013	0.033	0.032	0.035	0.033	0.027	0.031
267.00	-0.007	0.032	0.043	0.033	0.013	0.032	0.031	0.034	0.032	0.027	0.030
268.00	-0.007	0.032	0.043	0.032	0.012	0.032	0.031	0.034	0.032	0.026	0.030
269.00	-0.007	0.031	0.043	0.032	0.012	0.032	0.031	0.033	0.031	0.026	0.030
270.00	-0.006	0.031	0.042	0.032	0.012	0.031	0.030	0.033	0.031	0.026	0.029
271.00	-0.006	0.030	0.041	0.031	0.012	0.031	0.030	0.032	0.030	0.026	0.029
272.00	-0.006	0.030	0.041	0.031	0.012	0.030	0.030	0.032	0.030	0.026	0.028
273.00	-0.006	0.029	0.040	0.030	0.012	0.029	0.029	0.031	0.029	0.025	0.028
274.00	-0.006	0.029	0.040	0.030	0.012	0.029	0.029	0.031	0.029	0.025	0.028
275.00	-0.006	0.028	0.039	0.029	0.011	0.028	0.028	0.030	0.028	0.025	0.027
276.00	-0.006	0.028	0.039	0.029	0.011	0.028	0.028	0.030	0.028	0.024	0.027
277.00	-0.006	0.027	0.038	0.028	0.011	0.027	0.028	0.029	0.027	0.024	0.027
278.00	-0.006	0.026	0.037	0.027	0.011	0.027	0.027	0.029	0.027	0.024	0.026
279.00	-0.006	0.026	0.037	0.027	0.011	0.026	0.027	0.028	0.026	0.023	0.026
280.00	-0.006	0.026	0.036	0.026	0.010	0.026	0.027	0.028	0.026	0.023	0.026
281.00	-0.006	0.025	0.036	0.026	0.010	0.025	0.026	0.027	0.025	0.023	0.025
282.00	-0.006	0.025	0.035	0.025	0.010	0.024	0.026	0.026	0.025	0.022	0.025
283.00	-0.006	0.024	0.035	0.025	0.010	0.024	0.026	0.026	0.024	0.022	0.025
284.00	-0.006	0.024	0.034	0.024	0.010	0.024	0.025	0.025	0.024	0.022	0.024
285.00	-0.006	0.023	0.034	0.024	0.009	0.023	0.025	0.025	0.023	0.022	0.024
286.00	-0.006	0.022	0.033	0.023	0.009	0.022	0.025	0.024	0.023	0.021	0.024
287.00	-0.006	0.022	0.033	0.023	0.009	0.022	0.024	0.024	0.022	0.021	0.023
288.00	-0.006	0.021	0.032	0.022	0.009	0.021	0.024	0.023	0.021	0.021	0.023
289.00	-0.006	0.021	0.032	0.021	0.008	0.021	0.023	0.023	0.021	0.020	0.022
290.00	-0.005	0.020	0.031	0.021	0.008	0.020	0.023	0.022	0.020	0.020	0.022
291.00	-0.006	0.020	0.031	0.020	0.008	0.020	0.023	0.022	0.020	0.020	0.022
292.00	-0.006	0.019	0.030	0.020	0.008	0.019	0.022	0.021	0.019	0.019	0.021
293.00	-0.006	0.019	0.030	0.019	0.008	0.019	0.022	0.021	0.019	0.019	0.021
294.00	-0.006	0.018	0.029	0.019	0.008	0.018	0.022	0.020	0.018	0.019	0.021
295.00	-0.006	0.018	0.029	0.019	0.007	0.018	0.021	0.020	0.018	0.019	0.020
296.00	-0.006	0.017	0.028	0.018	0.007	0.017	0.021	0.019	0.018	0.018	0.020
297.00	-0.006	0.017	0.028	0.018	0.007	0.017	0.021	0.019	0.017	0.018	0.020
298.00	-0.005	0.016	0.027	0.017	0.007	0.017	0.021	0.019	0.017	0.018	0.020
299.00	-0.005	0.016	0.027	0.017	0.007	0.016	0.020	0.018	0.016	0.018	0.019
300.00	-0.005	0.016	0.027	0.017	0.007	0.016	0.020	0.018	0.016	0.017	0.019
301.00	-0.006	0.016	0.026	0.016	0.006	0.016	0.020	0.017	0.016	0.017	0.019
302.00	-0.005	0.015	0.026	0.016	0.006	0.015	0.020	0.017	0.015	0.017	0.018
303.00	-0.005	0.015	0.026	0.015	0.006	0.015	0.019	0.017	0.015	0.016	0.018
304.00	-0.005	0.014	0.025	0.015	0.006	0.014	0.019	0.016	0.014	0.016	0.018
305.00	-0.005	0.014	0.025	0.015	0.006	0.014	0.019	0.016	0.014	0.016	0.018
306.00	-0.006	0.013	0.024	0.014	0.006	0.014	0.018	0.015	0.014	0.015	0.017
307.00	-0.005	0.013	0.024	0.014	0.006	0.014	0.018	0.015	0.014	0.015	0.017
308.00	-0.005	0.013	0.023	0.014	0.006	0.013	0.018	0.015	0.013	0.015	0.017
309.00	-0.005	0.013	0.023	0.014	0.006	0.013	0.018	0.015	0.013	0.015	0.017
310.00	-0.005	0.012	0.023	0.013	0.005	0.013	0.017	0.014	0.013	0.015	0.016
311.00	-0.005	0.012	0.023	0.013	0.006	0.013	0.017	0.014	0.013	0.015	0.016
312.00	-0.005	0.012	0.022	0.012	0.005	0.012	0.017	0.014	0.012	0.014	0.016
313.00	-0.004	0.012	0.022	0.012	0.005	0.012	0.017	0.014	0.012	0.014	0.016
314.00	-0.005	0.011	0.021	0.012	0.005	0.011	0.017	0.013	0.012	0.014	0.015
315.00	-0.005	0.011	0.021	0.012	0.005	0.011	0.016	0.013	0.011	0.014	0.015
316.00	-0.005	0.011	0.021	0.012	0.005	0.011	0.016	0.013	0.011	0.013	0.015
317.00	-0.005	0.011	0.021	0.012	0.005	0.011	0.016	0.013	0.011	0.014	0.015
318.00	-0.005	0.011	0.020	0.011	0.005	0.011	0.016	0.012	0.011	0.013	0.015
319.00	-0.005	0.010	0.020	0.011	0.005	0.011	0.015	0.012	0.011	0.013	0.014
320.00	-0.005	0.010	0.020	0.011	0.004	0.010	0.015	0.012	0.010	0.013	0.014
321.00	-0.004	0.010	0.020	0.011	0.004	0.010	0.015	0.012	0.010	0.013	0.014
322.00	-0.004	0.010	0.019	0.010	0.004	0.010	0.015	0.012	0.010	0.013	0.014
323.00	-0.005	0.009	0.019	0.010	0.004	0.010	0.015	0.011	0.010	0.012	0.014
324.00	-0.005	0.009	0.019	0.010	0.004	0.010	0.015	0.011	0.010	0.012	0.013
325.00	-0.004	0.009	0.018	0.010	0.004	0.009	0.014	0.011	0.009	0.012	0.013
326.00	-0.005	0.009	0.018	0.009	0.004	0.009	0.014	0.010	0.009	0.012	0.013
327.00	-0.005	0.009	0.018	0.009	0.004	0.009	0.014	0.011	0.009	0.011	0.013
328.00	-0.005	0.009	0.018	0.009	0.004	0.009	0.014	0.010	0.009	0.011	0.012
329.00	-0.004	0.008	0.018	0.009	0.004	0.008	0.013	0.010	0.009	0.011	0.012
330.00	-0.004	0.008	0.017	0.009	0.004	0.008	0.013	0.010	0.008	0.011	0.012
331.00	-0.005	0.008	0.017	0.008	0.004	0.008	0.013	0.010	0.008	0.011	0.012
332.00	-0.005	0.008	0.017	0.008	0.004	0.008	0.013	0.010	0.008	0.011	0.012
333.00	-0.004	0.008	0.016	0.008	0.003	0.008	0.013	0.010	0.008	0.011	0.012
334.00	-0.005	0.008	0.016	0.008	0.003	0.008	0.013	0.009	0.008	0.011	0.011
335.00	-0.004	0.008	0.016	0.008	0.003	0.008	0.012	0.009	0.008	0.010	0.011
336.00	-0.004	0.007	0.016	0.008	0.003	0.008	0.012	0.009	0.008	0.010	0.011
337.00	-0.005	0.007	0.015	0.007	0.003	0.007	0.012	0.009	0.007	0.010	0.011
338.00	-0.004	0.007	0.015	0.007	0.003	0.007	0.012	0.009	0.007	0.010	0.011
339.00	-0.004	0.007	0.015	0.008	0.003	0.007	0.012	0.009	0.007	0.010	0.011
340.00	-0.003	0.008	0.016	0.009	0.004	0.008	0.013	0.010	0.008	0.011	0.012
341.00	-0.004	0.007	0.015	0.007	0.004	0.007	0.012	0.009	0.007	0.010	0.011
342.00	-0.004	0.006	0.014	0.007	0.003	0.007	0.011	0.009	0.007	0.010	0.010
343.00	-0.004	0.006	0.014	0.007	0.003	0.007	0.011	0.009	0.007	0.010	0.010
344.00	-0.004	0.006	0.014	0.007	0.003	0.006	0.011	0.008	0.006	0.009	0.010
345.00	-0.004	0.006	0.014	0.006	0.003	0.006	0.011	0.008	0.006	0.009	0.010
346.00	-0.004	0.006	0.014	0.006	0.003	0.006	0.011	0.008	0.006	0.009	0.010
347.00	-0.004	0.006	0.014	0.006	0.003	0.007	0.011	0.008	0.006	0.009	0.010
348.00	-0.004	0.006	0.013	0.006	0.003	0.006	0.011	0.008	0.006	0.009	0.010
349.00	-0.004	0.006	0.013	0.006	0.002	0.006	0.010	0.008	0.006	0.009	0.009
350.00	-0.003	0.006	0.013	0.006	0.003	0.006	0.010	0.008	0.006	0.009	0.009
351.00	-0.004	0.005	0.013	0.006	0.003	0.006	0.010	0.008	0.006	0.009	0.009
352.00	-0.003	0.005	0.013	0.006	0.003	0.006	0.010	0.007	0.006	0.009	0.009
353.00	-0.003	0.005	0.013	0.006	0.003	0.006	0.010	0.008	0.006	0.008	0.009
354.00	-0.004	0.005	0.012	0.005	0.002	0.005	0.010	0.008	0.006	0.008	0.009
355.00	-0.004	0.005	0.012	0.005	0.002	0.005	0.009	0.007	0.005	0.008	0.009
356.00	-0.003	0.005	0.012	0.005	0.002	0.005	0.009	0.007	0.005	0.008	0.008
357.00	-0.003	0.005	0.012	0.005	0.002	0.005	0.009	0.007	0.005	0.008	0.009
358.00	-0.004	0.005	0.012	0.005	0.002	0.005	0.009	0.007	0.005	0.008	0.008
359.00	-0.003	0.005	0.012	0.005	0.002	0.005	0.009	0.007	0.005	0.008	0.008
360.00	-0.003	0.005	0.012	0.005	0.002	0.005	0.009	0.007	0.005	0.008	0.008
361.00	-0.003	0.005	0.011	0.005	0.002	0.005	0.009	0.007	0.005	0.008	0.008
362.00	-0.003	0.004	0.011	0.005	0.002	0.005	0.009	0.007	0.005	0.007	0.008
363.00	-0.003	0.004	0.011	0.005	0.002	0.005	0.009	0.007	0.005	0.007	0.008
364.00	-0.003	0.004	0.011	0.005	0.002	0.005	0.009	0.007	0.005	0.007	0.008
365.00	-0.003	0.004	0.011	0.005	0.002	0.005	0.009	0.007	0.005	0.007	0.008
366.00	-0.003	0.004	0.011	0.005	0.002	0.005	0.008	0.007	0.005	0.007	0.008
367.00	-0.003	0.004	0.011	0.005	0.002	0.005	0.008	0.007	0.005	0.007	0.008
368.00	-0.003	0.004	0.011	0.005	0.002	0.004	0.009	0.006	0.004	0.007	0.008
369.00	-0.003	0.004	0.011	0.004	0.002	0.004	0.009	0.006	0.004	0.007	0.008
370.00	-0.003	0.004	0.010	0.004	0.002	0.004	0.008	0.006	0.004	0.007	0.007
371.00	-0.003	0.004	0.010	0.004	0.002	0.004	0.008	0.006	0.004	0.007	0.007
372.00	-0.003	0.004	0.010	0.004	0.002	0.004	0.008	0.006	0.004	0.007	0.007
373.00	-0.003	0.004	0.010	0.004	0.002	0.004	0.008	0.006	0.004	0.007	0.007
374.00	-0.003	0.004	0.010	0.004	0.002	0.004	0.008	0.006	0.004	0.007	0.007
375.00	-0.003	0.004	0.010	0.004	0.002	0.004	0.008	0.006	0.004	0.007	0.007
376.00	-0.003	0.004	0.010	0.004	0.002	0.004	0.008	0.006	0.004	0.006	0.007
377.00	-0.003	0.004	0.009	0.004	0.002	0.004	0.008	0.006	0.004	0.007	0.007
378.00	-0.002	0.004	0.010	0.004	0.002	0.004	0.008	0.006	0.004	0.007	0.007
379.00	-0.002	0.003	0.009	0.004	0.002	0.004	0.007	0.006	0.004	0.006	0.007
380.00	-0.003	0.003	0.009	0.004	0.002	0.003	0.007	0.006	0.004	0.006	0.006
381.00	-0.002	0.003	0.009	0.004	0.002	0.004	0.007	0.006	0.004	0.006	0.006
382.00	-0.003	0.003	0.009	0.004	0.002	0.004	0.007	0.006	0.003	0.006	0.006
383.00	-0.003	0.003	0.009	0.004	0.002	0.004	0.007	0.006	0.003	0.006	0.006
384.00	-0.002	0.003	0.009	0.003	0.002	0.004	0.007	0.005	0.003	0.006	0.006
385.00	-0.002	0.003	0.009	0.003	0.002	0.003	0.007	0.006	0.003	0.006	0.006
386.00	-0.002	0.003	0.009	0.003	0.002	0.004	0.007	0.006	0.003	0.006	0.006
387.00	-0.002	0.003	0.009	0.003	0.002	0.003	0.007	0.005	0.003	0.006	0.006
388.00	-0.002	0.003	0.009	0.003	0.002	0.003	0.007	0.005	0.003	0.006	0.006
389.00	-0.002	0.003	0.009	0.003	0.002	0.003	0.007	0.005	0.003	0.006	0.006
390.00	-0.002	0.003	0.009	0.003	0.002	0.003	0.007	0.005	0.003	0.006	0.006
391.00	-0.002	0.003	0.008	0.003	0.002	0.003	0.006	0.005	0.003	0.006	0.006
392.00	-0.002	0.003	0.008	0.003	0.002	0.003	0.006	0.005	0.003	0.006	0.006
393.00	-0.002	0.003	0.008	0.003	0.002	0.003	0.006	0.005	0.003	0.006	0.006
394.00	-0.002	0.003	0.008	0.003	0.002	0.003	0.006	0.005	0.003	0.006	0.006
395.00	-0.002	0.003	0.008	0.003	0.002	0.003	0.006	0.005	0.003	0.006	0.006
396.00	-0.002	0.003	0.008	0.003	0.002	0.003	0.006	0.005	0.003	0.006	0.005
397.00	-0.002	0.003	0.008	0.003	0.002	0.003	0.006	0.005	0.003	0.005	0.005
398.00	-0.002	0.003	0.008	0.003	0.002	0.003	0.006	0.005	0.003	0.005	0.005
399.00	-0.002	0.003	0.008	0.003	0.002	0.003	0.006	0.005	0.003	0.005	0.005
400.00	-0.002	0.003	0.008	0.003	0.002	0.003	0.006	0.005	0.003	0.005	0.005
401.00	-0.002	0.003	0.008	0.003	0.002	0.003	0.006	0.005	0.003	0.005	0.005
402.00	-0.002	0.003	0.008	0.003	0.002	0.003	0.006	0.005	0.003	0.005	0.005
403.00	-0.002	0.003	0.008	0.003	0.002	0.003	0.006	0.005	0.003	0.005	0.005
404.00	-0.002	0.002	0.008	0.003	0.002	0.003	0.006	0.005	0.003	0.005	0.005
405.00	-0.002	0.002	0.008	0.003	0.002	0.003	0.006	0.005	0.003	0.005	0.005
406.00	-0.002	0.002	0.008	0.003	0.002	0.003	0.006	0.005	0.003	0.005	0.005
407.00	-0.002	0.002	0.008	0.003	0.002	0.003	0.006	0.005	0.003	0.005	0.005
408.00	-0.002	0.002	0.008	0.003	0.002	0.003	0.006	0.005	0.003	0.005	0.005
409.00	-0.002	0.002	0.007	0.003	0.002	0.003	0.006	0.005	0.003	0.005	0.005
410.00	-0.001	0.002	0.007	0.003	0.002	0.003	0.006	0.005	0.003	0.005	0.005
411.00	-0.001	0.002	0.007	0.002	0.002	0.003	0.006	0.005	0.003	0.005	0.005
412.00	-0.001	0.002	0.007	0.003	0.002	0.003	0.006	0.005	0.003	0.005	0.005
413.00	-0.001	0.002	0.007	0.003	0.002	0.003	0.006	0.004	0.003	0.005	0.005
414.00	-0.001	0.002	0.007	0.002	0.002	0.003	0.006	0.005	0.003	0.005	0.005
415.00	-0.001	0.002	0.007	0.003	0.002	0.003	0.006	0.005	0.003	0.005	0.005
416.00	-0.001	0.002	0.007	0.003	0.002	0.003	0.006	0.004	0.003	0.005	0.005
417.00	-0.001	0.002	0.007	0.002	0.002	0.002	0.006	0.004	0.002	0.005	0.005
418.00	-0.001	0.002	0.007	0.002	0.002	0.002	0.006	0.004	0.002	0.005	0.005
419.00	-0.001	0.002	0.007	0.002	0.002	0.002	0.005	0.004	0.002	0.005	0.005
420.00	-0.001	0.002	0.007	0.002	0.002	0.002	0.005	0.004	0.002	0.005	0.005
421.00	-0.001	0.002	0.007	0.002	0.002	0.002	0.005	0.004	0.002	0.005	0.005
422.00	-0.001	0.002	0.007	0.002	0.002	0.002	0.005	0.004	0.002	0.005	0.005
423.00	-0.001	0.002	0.007	0.002	0.002	0.002	0.005	0.004	0.002	0.005	0.005
424.00	-0.001	0.002	0.007	0.002	0.002	0.002	0.006	0.004	0.002	0.005	0.005
425.00	-0.001	0.002	0.007	0.002	0.002	0.002	0.005	0.004	0.002	0.005	0.005
426.00	-0.001	0.002	0.007	0.002	0.002	0.002	0.005	0.004	0.002	0.004	0.005
427.00	-0.001	0.002	0.007	0.002	0.002	0.002	0.005	0.004	0.002	0.005	0.005
428.00	-0.001	0.002	0.007	0.002	0.002	0.002	0.005	0.004	0.002	0.005	0.004
429.00	-0.001	0.002	0.007	0.002	0.002	0.002	0.005	0.004	0.002	0.005	0.004
430.00	-0.001	0.002	0.007	0.002	0.002	0.002	0.005	0.004	0.002	0.004	0.004
431.00	-0.001	0.002	0.007	0.002	0.002	0.002	0.005	0.004	0.002	0.004	0.004
432.00	-0.001	0.002	0.006	0.002	0.002	0.002	0.005	0.004	0.002	0.004	0.004
433.00	-0.001	0.002	0.006	0.002	0.002	0.002	0.005	0.004	0.002	0.004	0.004
434.00	-0.001	0.002	0.006	0.002	0.002	0.002	0.005	0.004	0.002	0.004	0.004
435.00	-0.001	0.002	0.006	0.002	0.002	0.002	0.005	0.004	0.002	0.004	0.004
436.00	-0.001	0.002	0.006	0.002	0.002	0.002	0.005	0.004	0.002	0.004	0.004
437.00	-0.001	0.002	0.006	0.002	0.002	0.002	0.005	0.004	0.002	0.004	0.004
438.00	-0.001	0.002	0.006	0.002	0.002	0.002	0.005	0.004	0.002	0.004	0.004
439.00	-0.001	0.002	0.006	0.002	0.002	0.002	0.005	0.004	0.002	0.004	0.004
440.00	-0.001	0.002	0.006	0.002	0.002	0.002	0.005	0.004	0.002	0.004	0.004
441.00	-0.001	0.002	0.006	0.002	0.002	0.002	0.005	0.004	0.002	0.004	0.004
442.00	-0.001	0.002	0.006	0.002	0.002	0.002	0.005	0.004	0.002	0.004	0.004
443.00	-0.001	0.002	0.006	0.002	0.002	0.002	0.005	0.004	0.002	0.004	0.004
444.00	-0.001	0.002	0.006	0.002	0.002	0.002	0.005	0.004	0.002	0.004	0.004
445.00	-0.001	0.001	0.006	0.002	0.002	0.002	0.005	0.004	0.002	0.004	0.004
446.00	-0.001	0.001	0.006	0.002	0.002	0.002	0.005	0.004	0.002	0.004	0.004
447.00	-0.001	0.001	0.006	0.002	0.002	0.002	0.005	0.004	0.002	0.004	0.004
448.00	-0.001	0.001	0.006	0.002	0.002	0.002	0.004	0.004	0.002	0.004	0.004
449.00	-0.001	0.001	0.006	0.002	0.002	0.002	0.004	0.004	0.002	0.004	0.004
450.00	-0.001	0.001	0.006	0.002	0.002	0.002	0.004	0.004	0.002	0.004	0.004
451.00	-0.001	0.001	0.006	0.002	0.002	0.002	0.004	0.004	0.002	0.004	0.004
452.00	-0.001	0.001	0.006	0.002	0.002	0.002	0.004	0.004	0.002	0.004	0.004
453.00	-0.001	0.001	0.006	0.001	0.002	0.002	0.004	0.004	0.002	0.004	0.004
454.00	-0.001	0.001	0.006	0.001	0.002	0.002	0.004	0.004	0.002	0.004	0.004
455.00	-0.001	0.001	0.006	0.001	0.002	0.002	0.004	0.004	0.002	0.004	0.004
456.00	-0.001	0.001	0.006	0.001	0.002	0.002	0.004	0.004	0.002	0.004	0.004
457.00	-0.001	0.001	0.006	0.001	0.002	0.002	0.004	0.004	0.002	0.004	0.004
458.00	-0.001	0.001	0.006	0.001	0.002	0.002	0.004	0.004	0.002	0.004	0.004
459.00	-0.001	0.001	0.006	0.001	0.002	0.002	0.004	0.004	0.002	0.004	0.004
460.00	-0.001	0.001	0.006	0.001	0.002	0.002	0.004	0.004	0.002	0.004	0.004
461.00	-0.001	0.001	0.006	0.001	0.002	0.002	0.004	0.004	0.002	0.004	0.004
462.00	-0.001	0.001	0.005	0.001	0.002	0.002	0.004	0.004	0.002	0.004	0.004
463.00	-0.001	0.001	0.006	0.001	0.002	0.002	0.004	0.004	0.002	0.004	0.004
464.00	-0.001	0.001	0.006	0.001	0.002	0.002	0.004	0.004	0.001	0.004	0.004
465.00	-0.001	0.001	0.006	0.001	0.002	0.002	0.004	0.004	0.001	0.004	0.004
466.00	-0.001	0.001	0.005	0.001	0.002	0.002	0.004	0.003	0.001	0.004	0.003
467.00	-0.001	0.001	0.005	0.001	0.002	0.002	0.004	0.004	0.001	0.004	0.003
468.00	-0.001	0.001	0.005	0.001	0.002	0.002	0.004	0.003	0.001	0.004	0.003
469.00	-0.001	0.001	0.005	0.001	0.002	0.002	0.004	0.003	0.001	0.004	0.003
470.00	-0.001	0.001	0.005	0.001	0.002	0.002	0.004	0.004	0.001	0.003	0.003
471.00	-0.001	0.001	0.005	0.001	0.002	0.002	0.004	0.004	0.001	0.003	0.003
472.00	-0.001	0.001	0.005	0.001	0.002	0.002	0.004	0.003	0.001	0.003	0.003
473.00	-0.001	0.001	0.005	0.001	0.002	0.002	0.004	0.003	0.001	0.003	0.003
474.00	-0.001	0.001	0.005	0.001	0.002	0.001	0.004	0.003	0.001	0.003	0.003
475.00	-0.001	0.001	0.005	0.001	0.002	0.001	0.004	0.003	0.001	0.004	0.003
476.00	-0.001	0.001	0.005	0.001	0.002	0.001	0.004	0.004	0.001	0.003	0.003
477.00	-0.001	0.001	0.005	0.001	0.002	0.001	0.004	0.003	0.001	0.003	0.003
478.00	-0.001	0.001	0.005	0.001	0.002	0.001	0.004	0.003	0.001	0.003	0.003
479.00	-0.001	0.001	0.005	0.001	0.002	0.001	0.004	0.003	0.001	0.003	0.003
480.00	-0.001	0.001	0.005	0.001	0.002	0.001	0.004	0.003	0.001	0.003	0.003
481.00	-0.001	0.001	0.005	0.001	0.002	0.001	0.003	0.003	0.001	0.003	0.003
482.00	-0.001	0.001	0.005	0.001	0.002	0.001	0.003	0.003	0.001	0.003	0.003
483.00	-0.001	0.001	0.005	0.001	0.002	0.001	0.003	0.003	0.001	0.003	0.003
484.00	-0.001	0.001	0.005	0.001	0.002	0.001	0.003	0.003	0.001	0.003	0.003
485.00	-0.001	0.001	0.005	0.001	0.002	0.001	0.003	0.003	0.001	0.003	0.003
486.00	-0.001	0.001	0.005	0.001	0.002	0.001	0.003	0.003	0.001	0.003	0.003
487.00	-0.001	0.001	0.005	0.001	0.002	0.001	0.003	0.003	0.001	0.003	0.003
488.00	-0.001	0.001	0.005	0.001	0.002	0.001	0.003	0.003	0.001	0.003	0.003
489.00	-0.001	0.001	0.005	0.001	0.002	0.001	0.003	0.003	0.001	0.003	0.003
490.00	-0.001	0.001	0.005	0.001	0.002	0.001	0.003	0.003	0.001	0.003	0.003
491.00	-0.001	0.001	0.005	0.001	0.002	0.001	0.003	0.003	0.001	0.003	0.003
492.00	-0.000	0.001	0.005	0.001	0.002	0.001	0.003	0.003	0.001	0.003	0.003
493.00	-0.001	0.001	0.005	0.001	0.002	0.001	0.003	0.003	0.001	0.003	0.003
494.00	-0.001	0.001	0.005	0.001	0.002	0.001	0.003	0.003	0.001	0.003	0.003
495.00	-0.000	0.001	0.005	0.001	0.002	0.001	0.003	0.003	0.001	0.003	0.003
496.00	-0.000	0.001	0.005	0.001	0.002	0.001	0.004	0.003	0.001	0.003	0.003
497.00	-0.000	0.001	0.005	0.001	0.002	0.001	0.003	0.003	0.001	0.003	0.003
498.00	-0.000	0.001	0.005	0.001	0.002	0.001	0.003	0.003	0.001	0.003	0.003
499.00	-0.000	0.001	0.005	0.001	0.002	0.001	0.003	0.003	0.001	0.003	0.003
500.00	-0.000	0.001	0.005	0.001	0.002	0.001	0.003	0.003	0.001	0.003	0.003
501.00	-0.000	0.001	0.005	0.001	0.002	0.001	0.003	0.003	0.001	0.003	0.003
502.00	-0.000	0.001	0.005	0.001	0.002	0.001	0.003	0.003	0.001	0.003	0.003
503.00	-0.000	0.001	0.005	0.001	0.002	0.001	0.003	0.003	0.001	0.003	0.003
504.00	-0.000	0.001	0.005	0.001	0.002	0.001	0.003	0.003	0.001	0.003	0.003
505.00	-0.000	0.001	0.005	0.001	0.002	0.001	0.003	0.003	0.001	0.003	0.003
506.00	-0.000	0.001	0.005	0.001	0.002	0.001	0.003	0.003	0.001	0.003	0.003
507.00	-0.000	0.001	0.005	0.001	0.002	0.001	0.003	0.003	0.001	0.003	0.003
508.00	-0.000	0.001	0.005	0.001	0.002	0.001	0.003	0.003	0.001	0.003	0.003
509.00	-0.000	0.001	0.005	0.001	0.002	0.001	0.003	0.003	0.001	0.003	0.003
510.00	-0.000	0.001	0.005	0.001	0.002	0.001	0.003	0.003	0.001	0.003	0.003
511.00	-0.000	0.001	0.005	0.001	0.002	0.001	0.003	0.003	0.001	0.003	0.003
512.00	-0.000	0.001	0.005	0.001	0.002	0.001	0.003	0.003	0.001	0.003	0.003
513.00	-0.000	0.001	0.005	0.001	0.002	0.001	0.003	0.003	0.001	0.003	0.003
514.00	-0.000	0.001	0.005	0.001	0.002	0.001	0.003	0.003	0.001	0.003	0.003
515.00	-0.000	0.001	0.005	0.001	0.002	0.001	0.003	0.003	0.001	0.003	0.003
516.00	-0.000	0.001	0.005	0.001	0.002	0.001	0.003	0.003	0.001	0.003	0.003
517.00	-0.000	0.001	0.005	0.001	0.002	0.001	0.003	0.003	0.001	0.003	0.003
518.00	-0.000	0.001	0.005	0.001	0.002	0.001	0.003	0.003	0.001	0.003	0.003
519.00	-0.000	0.001	0.005	0.001	0.002	0.001	0.003	0.003	0.001	0.003	0.003
520.00	-0.000	0.001	0.005	0.001	0.002	0.001	0.003	0.003	0.001	0.003	0.003
521.00	-0.000	0.001	0.005	0.001	0.002	0.001	0.003	0.003	0.001	0.003	0.003
522.00	-0.000	0.001	0.005	0.001	0.002	0.001	0.003	0.003	0.001	0.003	0.003
523.00	-0.000	0.001	0.005	0.001	0.002	0.001	0.003	0.003	0.001	0.003	0.003
524.00	-0.000	0.001	0.005	0.001	0.002	0.001	0.003	0.003	0.001	0.003	0.003
525.00	-0.000	0.001	0.005	0.001	0.002	0.001	0.003	0.003	0.001	0.003	0.003
526.00	-0.000	0.001	0.005	0.001	0.002	0.001	0.003	0.003	0.001	0.003	0.003
527.00	-0.000	0.001	0.005	0.001	0.002	0.001	0.003	0.003	0.001	0.003	0.003
528.00	-0.000	0.001	0.005	0.001	0.002	0.001	0.003	0.003	0.001	0.003	0.003
529.00	-0.000	0.001	0.005	0.001	0.002	0.001	0.003	0.003	0.001	0.003	0.003
530.00	-0.000	0.001	0.005	0.001	0.002	0.001	0.003	0.003	0.001	0.003	0.003
531.00	-0.000	0.001	0.005	0.001	0.002	0.001	0.003	0.003	0.001	0.003	0.003
532.00	-0.000	0.001	0.005	0.001	0.002	0.001	0.003	0.003	0.001	0.003	0.003
533.00	-0.000	0.001	0.005	0.001	0.002	0.001	0.003	0.003	0.001	0.003	0.003
534.00	-0.000	0.001	0.005	0.001	0.002	0.001	0.003	0.003	0.001	0.003	0.003
535.00	-0.000	0.001	0.005	0.001	0.002	0.001	0.003	0.003	0.001	0.003	0.003
536.00	0.001	0.002	0.006	0.002	0.003	0.002	0.004	0.004	0.002	0.004	0.004
537.00	-0.000	0.001	0.005	0.001	0.002	0.001	0.003	0.003	0.001	0.003	0.003
538.00	-0.000	0.001	0.005	0.001	0.002	0.001	0.003	0.003	0.001	0.003	0.003
539.00	-0.000	0.001	0.005	0.001	0.002	0.001	0.003	0.003	0.001	0.003	0.003
540.00	-0.000	0.001	0.005	0.001	0.002	0.001	0.003	0.003	0.001	0.003	0.003
541.00	-0.000	0.001	0.005	0.001	0.002	0.001	0.003	0.003	0.001	0.003	0.003
542.00	-0.000	0.001	0.005	0.001	0.002	0.001	0.003	0.003	0.001	0.003	0.003
543.00	-0.000	0.001	0.005	0.001	0.002	0.001	0.003	0.003	0.001	0.003	0.003
544.00	-0.000	0.001	0.005	0.001	0.002	0.001	0.003	0.003	0.001	0.003	0.003
545.00	-0.000	0.001	0.005	0.001	0.002	0.001	0.003	0.003	0.001	0.003	0.003
546.00	-0.000	0.001	0.005	0.001	0.002	0.001	0.003	0.003	0.001	0.003	0.003
547.00	-0.000	0.001	0.005	0.001	0.002	0.001	0.003	0.003	0.001	0.003	0.003
548.00	-0.000	0.001	0.005	0.001	0.002	0.001	0.003	0.003	0.001	0.003	0.003
549.00	-0.000	0.001	0.005	0.001	0.002	0.001	0.003	0.003	0.001	0.003	0.003
550.00	-0.000	0.001	0.005	0.001	0.002	0.001	0.003	0.003	0.001	0.003	0.003
551.00	-0.000	0.001	0.005	0.001	0.002	0.001	0.003	0.003	0.001	0.003	0.003
552.00	-0.000	0.001	0.005	0.001	0.002	0.001	0.003	0.003	0.001	0.003	0.003
553.00	-0.000	0.001	0.005	0.001	0.002	0.001	0.003	0.003	0.001	0.003	0.003
554.00	-0.000	0.001	0.005	0.001	0.002	0.001	0.003	0.003	0.001	0.003	0.003
555.00	-0.000	0.001	0.005	0.001	0.002	0.001	0.003	0.003	0.001	0.003	0.003
556.00	-0.000	0.001	0.005	0.001	0.002	0.001	0.003	0.003	0.001	0.003	0.003
557.00	-0.000	0.001	0.005	0.001	0.001	0.001	0.003	0.003	0.001	0.003	0.003
558.00	-0.000	0.001	0.005	0.001	0.002	0.001	0.003	0.003	0.001	0.003	0.003
559.00	-0.000	0.001	0.005	0.001	0.002	0.001	0.003	0.003	0.001	0.003	0.003
560.00	-0.000	0.001	0.005	0.001	0.002	0.001	0.003	0.003	0.001	0.003	0.003
561.00	-0.000	0.001	0.005	0.001	0.002	0.001	0.003	0.003	0.001	0.003	0.003
562.00	-0.000	0.001	0.005	0.001	0.002	0.001	0.003	0.003	0.001	0.003	0.003
563.00	-0.000	0.001	0.005	0.001	0.002	0.001	0.003	0.003	0.001	0.003	0.003
564.00	-0.000	0.001	0.005	0.001	0.002	0.001	0.003	0.003	0.001	0.003	0.003
565.00	-0.000	0.001	0.005	0.001	0.002	0.001	0.003	0.003	0.001	0.003	0.003
566.00	-0.000	0.001	0.005	0.001	0.002	0.001	0.003	0.003	0.001	0.003	0.003
567.00	-0.000	0.001	0.005	0.001	0.002	0.001	0.003	0.003	0.001	0.003	0.003
568.00	-0.000	0.001	0.005	0.001	0.002	0.001	0.003	0.003	0.001	0.003	0.003
569.00	-0.000	0.001	0.005	0.001	0.002	0.001	0.003	0.003	0.001	0.003	0.003
570.00	-0.000	0.001	0.005	0.001	0.002	0.001	0.003	0.003	0.001	0.003	0.003
571.00	-0.000	0.001	0.005	0.001	0.002	0.001	0.002	0.003	0.001	0.003	0.002
572.00	-0.000	0.001	0.005	0.001	0.002	0.001	0.003	0.003	0.001	0.003	0.002
573.00	-0.000	0.001	0.005	0.001	0.002	0.001	0.003	0.003	0.001	0.003	0.002
574.00	-0.000	0.001	0.005	0.001	0.001	0.001	0.002	0.003	0.001	0.003	0.002
575.00	-0.000	0.001	0.005	0.001	0.001	0.001	0.002	0.003	0.001	0.003	0.002
576.00	-0.000	0.001	0.005	0.001	0.002	0.001	0.002	0.003	0.001	0.003	0.003
577.00	-0.000	0.001	0.005	0.001	0.002	0.001	0.003	0.003	0.001	0.003	0.003
578.00	-0.000	0.001	0.005	0.001	0.002	0.001	0.003	0.003	0.001	0.003	0.003
579.00	-0.000	0.001	0.005	0.001	0.002	0.001	0.002	0.003	0.001	0.003	0.002
580.00	-0.000	0.001	0.005	0.001	0.001	0.001	0.002	0.003	0.001	0.003	0.002
581.00	-0.000	0.001	0.005	0.001	0.001	0.001	0.002	0.003	0.001	0.003	0.002
582.00	-0.000	0.001	0.005	0.001	0.001	0.001	0.002	0.003	0.001	0.003	0.002
583.00	-0.000	0.001	0.005	0.001	0.002	0.001	0.002	0.003	0.001	0.003	0.002
584.00	-0.000	0.001	0.005	0.001	0.002	0.001	0.002	0.003	0.001	0.003	0.002
585.00	-0.000	0.001	0.005	0.001	0.002	0.001	0.002	0.003	0.001	0.003	0.002
586.00	-0.000	0.001	0.005	0.001	0.002	0.001	0.002	0.003	0.001	0.003	0.002
587.00	-0.000	0.001	0.005	0.001	0.002	0.001	0.002	0.003	0.001	0.003	0.002
588.00	-0.000	0.001	0.005	0.001	0.002	0.001	0.002	0.003	0.001	0.003	0.003
589.00	-0.000	0.001	0.005	0.000	0.002	0.001	0.002	0.003	0.001	0.003	0.002
590.00	-0.000	0.001	0.004	0.000	0.001	0.001	0.002	0.003	0.001	0.003	0.002
591.00	-0.000	0.001	0.005	0.000	0.001	0.001	0.002	0.003	0.001	0.003	0.002
592.00	-0.000	0.001	0.005	0.000	0.001	0.001	0.002	0.003	0.001	0.003	0.002
593.00	-0.000	0.001	0.005	0.000	0.002	0.001	0.002	0.003	0.001	0.003	0.002
594.00	-0.000	0.001	0.005	0.000	0.002	0.001	0.002	0.003	0.001	0.003	0.002
595.00	-0.000	0.001	0.005	0.000	0.002	0.001	0.002	0.003	0.001	0.003	0.002
596.00	-0.000	0.001	0.005	0.001	0.002	0.001	0.002	0.003	0.001	0.003	0.002
597.00	-0.000	0.001	0.005	0.001	0.001	0.001	0.002	0.003	0.001	0.002	0.002
598.00	-0.000	0.001	0.005	0.000	0.001	0.001	0.002	0.003	0.001	0.002	0.002
599.00	-0.000	0.001	0.005	0.000	0.001	0.001	0.002	0.003	0.001	0.002	0.002
600.00	-0.000	0.001	0.005	0.000	0.001	0.001	0.002	0.003	0.001	0.002	0.002
601.00	-0.000	0.001	0.004	0.000	0.001	0.001	0.002	0.003	0.001	0.002	0.002
602.00	-0.000	0.001	0.005	0.001	0.002	0.001	0.002	0.003	0.001	0.003	0.002
603.00	-0.000	0.001	0.005	0.001	0.002	0.001	0.002	0.003	0.001	0.003	0.002
604.00	-0.000	0.001	0.005	0.001	0.002	0.001	0.002	0.003	0.001	0.003	0.002
605.00	-0.000	0.001	0.005	0.001	0.002	0.001	0.002	0.003	0.001	0.003	0.002
606.00	-0.000	0.001	0.005	0.001	0.002	0.001	0.003	0.003	0.001	0.003	0.002
607.00	-0.000	0.001	0.005	0.001	0.002	0.001	0.002	0.003	0.001	0.003	0.002
608.00	-0.000	0.001	0.005	0.000	0.001	0.001	0.002	0.003	0.001	0.002	0.002
609.00	-0.000	0.001	0.005	0.001	0.002	0.001	0.002	0.003	0.001	0.002	0.002
610.00	-0.000	0.001	0.005	0.000	0.002	0.001	0.002	0.003	0.001	0.002	0.002
611.00	-0.000	0.001	0.005	0.000	0.002	0.001	0.002	0.003	0.001	0.002	0.002
612.00	-0.000	0.001	0.005	0.000	0.002	0.001	0.002	0.003	0.001	0.002	0.002
613.00	-0.000	0.001	0.005	0.000	0.002	0.001	0.002	0.003	0.001	0.002	0.002
614.00	-0.000	0.001	0.004	0.000	0.001	0.001	0.002	0.003	0.001	0.002	0.002
615.00	-0.000	0.001	0.005	0.000	0.001	0.001	0.002	0.003	0.001	0.002	0.002
616.00	-0.000	0.001	0.005	0.000	0.001	0.001	0.002	0.003	0.001	0.002	0.002
617.00	-0.000	0.001	0.005	0.000	0.001	0.001	0.002	0.003	0.001	0.002	0.002
618.00	-0.000	0.001	0.005	0.001	0.002	0.001	0.002	0.003	0.001	0.002	0.002
619.00	-0.000	0.001	0.005	0.000	0.002	0.001	0.002	0.003	0.001	0.002	0.002
620.00	-0.000	0.001	0.005	0.000	0.002	0.001	0.002	0.003	0.001	0.002	0.002
621.00	-0.000	0.001	0.004	0.000	0.002	0.001	0.002	0.003	0.001	0.002	0.002
622.00	-0.000	0.001	0.005	0.000	0.002	0.001	0.002	0.003	0.001	0.002	0.002
623.00	-0.000	0.001	0.004	0.000	0.002	0.001	0.002	0.003	0.001	0.002	0.002
624.00	0.000	0.001	0.005	0.000	0.002	0.001	0.003	0.003	0.001	0.002	0.002
625.00	-0.000	0.001	0.005	0.001	0.002	0.001	0.003	0.003	0.001	0.002	0.002
626.00	-0.000	0.001	0.005	0.000	0.002	0.001	0.003	0.003	0.001	0.002	0.002
627.00	-0.000	0.001	0.004	0.000	0.001	0.001	0.003	0.003	0.001	0.002	0.002
628.00	-0.000	0.001	0.004	0.000	0.001	0.001	0.003	0.003	0.001	0.002	0.002
629.00	-0.000	0.001	0.004	0.000	0.002	0.001	0.003	0.003	0.001	0.002	0.002
630.00	-0.000	0.001	0.004	0.000	0.002	0.001	0.003	0.003	0.001	0.002	0.002
631.00	-0.000	0.001	0.005	0.000	0.002	0.001	0.003	0.003	0.001	0.002	0.002
632.00	-0.000	0.001	0.005	0.000	0.002	0.001	0.003	0.003	0.001	0.002	0.002
633.00	-0.000	0.001	0.004	0.000	0.002	0.001	0.003	0.003	0.001	0.002	0.002
634.00	-0.000	0.001	0.004	0.000	0.002	0.001	0.003	0.003	0.001	0.002	0.002
635.00	-0.000	0.001	0.004	0.000	0.001	0.001	0.002	0.003	0.001	0.002	0.002
636.00	-0.000	0.001	0.004	0.000	0.002	0.001	0.002	0.003	0.001	0.002	0.002
637.00	-0.000	0.001	0.004	0.000	0.001	0.001	0.002	0.003	0.001	0.002	0.002
638.00	-0.000	0.001	0.004	0.000	0.001	0.001	0.002	0.003	0.001	0.002	0.002
639.00	-0.000	0.001	0.004	0.000	0.001	0.001	0.002	0.003	0.001	0.002	0.002
640.00	-0.000	0.001	0.004	0.000	0.002	0.001	0.002	0.003	0.001	0.002	0.002
641.00	-0.000	0.001	0.004	0.000	0.002	0.001	0.002	0.003	0.001	0.002	0.002
642.00	-0.000	0.001	0.004	0.000	0.002	0.001	0.002	0.003	0.001	0.002	0.002
643.00	-0.000	0.001	0.004	0.000	0.002	0.001	0.002	0.003	0.001	0.002	0.002
644.00	-0.000	0.001	0.004	0.000	0.002	0.001	0.002	0.003	0.001	0.002	0.002
645.00	0.000	0.001	0.005	0.000	0.002	0.001	0.002	0.003	0.001	0.002	0.002
646.00	-0.000	0.001	0.004	0.000	0.002	0.001	0.002	0.003	0.001	0.002	0.002
647.00	-0.000	0.001	0.005	0.000	0.002	0.001	0.002	0.003	0.001	0.002	0.002
648.00	-0.000	0.001	0.005	0.000	0.002	0.001	0.002	0.003	0.001	0.002	0.002
649.00	0.000	0.001	0.005	0.001	0.002	0.001	0.002	0.003	0.001	0.002	0.002
650.00	0.000	0.001	0.005	0.001	0.002	0.001	0.002	0.003	0.001	0.002	0.002
651.00	0.000	0.001	0.005	0.000	0.002	0.001	0.002	0.003	0.001	0.002	0.002
652.00	0.000	0.001	0.005	0.000	0.002	0.001	0.002	0.003	0.001	0.002	0.002
653.00	-0.000	0.001	0.004	0.000	0.002	0.001	0.002	0.003	0.001	0.002	0.002
654.00	0.000	0.001	0.004	0.001	0.002	0.001	0.002	0.003	0.001	0.002	0.002
655.00	0.000	0.001	0.005	0.001	0.002	0.001	0.002	0.003	0.001	0.002	0.002
656.00	0.000	0.001	0.005	0.001	0.002	0.001	0.002	0.003	0.001	0.002	0.002
657.00	0.000	0.001	0.005	0.001	0.002	0.001	0.002	0.003	0.001	0.002	0.002
658.00	0.000	0.001	0.005	0.000	0.002	0.001	0.002	0.003	0.001	0.002	0.002
659.00	0.000	0.001	0.005	0.000	0.002	0.001	0.002	0.003	0.001	0.002	0.002
660.00	0.000	0.001	0.004	0.000	0.002	0.001	0.002	0.003	0.001	0.002	0.002
661.00	0.000	0.001	0.004	0.000	0.002	0.001	0.002	0.003	0.001	0.002	0.002
662.00	0.000	0.001	0.004	0.000	0.002	0.001	0.002	0.003	0.001	0.002	0.002
663.00	0.000	0.001	0.004	0.000	0.002	0.001	0.002	0.003	0.001	0.002	0.002
664.00	0.000	0.001	0.004	0.000	0.002	0.001	0.002	0.003	0.001	0.002	0.002
665.00	-0.000	0.001	0.004	0.000	0.002	0.001	0.002	0.003	0.001	0.002	0.002
666.00	0.000	0.001	0.005	0.000	0.002	0.001	0.002	0.003	0.001	0.002	0.002
667.00	0.000	0.001	0.005	0.001	0.002	0.001	0.002	0.003	0.001	0.002	0.002
668.00	0.000	0.001	0.005	0.001	0.002	0.001	0.002	0.003	0.001	0.002	0.002
669.00	0.000	0.001	0.005	0.000	0.002	0.001	0.002	0.003	0.001	0.002	0.002
670.00	0.000	0.001	0.005	0.000	0.002	0.001	0.002	0.003	0.001	0.002	0.002
671.00	0.000	0.001	0.005	0.000	0.002	0.001	0.002	0.003	0.001	0.002	0.002
672.00	0.000	0.001	0.004	0.000	0.002	0.001	0.002	0.003	0.001	0.002	0.002
673.00	0.000	0.001	0.004	0.000	0.002	0.001	0.002	0.003	0.001	0.002	0.002
674.00	0.000	0.001	0.005	0.000	0.002	0.001	0.002	0.003	0.001	0.002	0.002
675.00	0.000	0.001	0.004	0.000	0.002	0.001	0.002	0.003	0.001	0.002	0.002
676.00	0.000	0.001	0.004	0.000	0.002	0.001	0.002	0.003	0.001	0.002	0.002
677.00	0.000	0.001	0.004	0.000	0.002	0.001	0.002	0.003	0.001	0.002	0.002
678.00	0.000	0.001	0.004	0.000	0.002	0.001	0.002	0.003	0.001	0.002	0.002
679.00	0.000	0.001	0.005	0.001	0.002	0.001	0.002	0.003	0.001	0.002	0.002
680.00	0.000	0.001	0.005	0.000	0.002	0.001	0.002	0.003	0.001	0.002	0.002
681.00	0.000	0.001	0.005	0.001	0.002	0.001	0.002	0.003	0.001	0.002	0.002
682.00	0.000	0.001	0.005	0.001	0.002	0.001	0.002	0.003	0.001	0.002	0.002
683.00	0.000	0.001	0.004	0.000	0.002	0.001	0.002	0.003	0.001	0.002	0.002
684.00	0.000	0.001	0.004	0.000	0.002	0.001	0.002	0.003	0.001	0.002	0.002
685.00	0.000	0.001	0.005	0.000	0.002	0.001	0.002	0.003	0.001	0.002	0.002
686.00	0.000	0.001	0.005	0.000	0.002	0.001	0.002	0.003	0.001	0.002	0.002
687.00	0.000	0.001	0.004	0.000	0.002	0.001	0.002	0.003	0.001	0.002	0.002
688.00	0.000	0.001	0.004	0.000	0.002	0.001	0.002	0.003	0.001	0.002	0.002
689.00	0.000	0.001	0.004	0.000	0.002	0.001	0.002	0.003	0.001	0.002	0.002
690.00	-0.000	0.001	0.004	0.000	0.002	0.001	0.002	0.003	0.001	0.002	0.002
691.00	0.000	0.001	0.004	0.000	0.002	0.001	0.002	0.003	0.001	0.002	0.002
692.00	0.000	0.001	0.004	0.000	0.002	0.001	0.002	0.003	0.001	0.002	0.002
693.00	0.000	0.001	0.004	0.000	0.002	0.001	0.002	0.003	0.001	0.002	0.002
694.00	0.000	0.001	0.004	0.000	0.002	0.001	0.002	0.003	0.001	0.002	0.002
695.00	0.000	0.001	0.005	0.001	0.002	0.001	0.002	0.003	0.001	0.002	0.002
696.00	0.000	0.001	0.004	0.000	0.002	0.001	0.002	0.003	0.001	0.002	0.002
697.00	0.000	0.001	0.004	0.000	0.002	0.001	0.002	0.003	0.001	0.002	0.002
698.00	0.000	0.001	0.005	0.000	0.002	0.001	0.002	0.003	0.001	0.002	0.002
699.00	-0.000	0.001	0.004	0.000	0.002	0.001	0.002	0.003	0.001	0.002	0.002
700.00	0.000	0.001	0.004	0.000	0.002	0.001	0.002	0.003	0.001	0.002	0.002
701.00	0.000	0.001	0.004	0.000	0.002	0.001	0.002	0.003	0.001	0.002	0.002
702.00	0.000	0.001	0.004	0.000	0.002	0.001	0.002	0.003	0.001	0.002	0.002
703.00	0.000	0.001	0.004	0.000	0.002	0.001	0.002	0.003	0.001	0.002	0.002
704.00	-0.000	0.001	0.004	0.000	0.002	0.001	0.002	0.003	0.001	0.002	0.002
705.00	-0.000	0.001	0.004	0.000	0.002	0.001	0.002	0.003	0.001	0.002	0.002
706.00	0.000	0.001	0.005	0.000	0.002	0.001	0.002	0.003	0.001	0.002	0.002
707.00	0.000	0.001	0.005	0.000	0.002	0.001	0.002	0.003	0.001	0.002	0.002
708.00	0.000	0.001	0.004	0.000	0.002	0.001	0.002	0.003	0.001	0.002	0.002
709.00	0.000	0.001	0.004	0.000	0.002	0.001	0.002	0.003	0.001	0.002	0.002
710.00	-0.000	0.001	0.004	0.000	0.002	0.001	0.002	0.003	0.001	0.002	0.002
711.00	-0.000	0.001	0.004	0.000	0.002	0.001	0.002	0.003	0.001	0.002	0.002
712.00	0.000	0.001	0.004	0.000	0.002	0.001	0.002	0.003	0.001	0.002	0.002
713.00	0.000	0.001	0.005	0.000	0.002	0.001	0.002	0.003	0.001	0.002	0.002
714.00	0.000	0.001	0.004	0.000	0.002	0.001	0.002	0.003	0.001	0.002	0.002
715.00	0.000	0.001	0.004	0.000	0.002	0.001	0.002	0.003	0.001	0.002	0.002
716.00	-0.000	0.001	0.004	0.000	0.002	0.001	0.002	0.003	0.001	0.002	0.002
717.00	-0.000	0.001	0.004	0.000	0.002	0.001	0.002	0.003	0.001	0.002	0.002
718.00	-0.000	0.001	0.004	0.000	0.002	0.001	0.002	0.003	0.001	0.002	0.002
719.00	-0.000	0.001	0.004	0.000	0.002	0.001	0.002	0.003	0.001	0.002	0.002
720.00	-0.000	0.001	0.004	0.000	0.002	0.001	0.002	0.003	0.001	0.002	0.002
721.00	0.000	0.001	0.005	0.000	0.002	0.001	0.002	0.003	0.001	0.002	0.002
722.00	-0.000	0.001	0.005	0.000	0.002	0.001	0.002	0.003	0.001	0.002	0.002
723.00	0.000	0.001	0.005	0.000	0.002	0.001	0.002	0.003	0.001	0.002	0.002
724.00	-0.000	0.001	0.004	0.000	0.001	0.000	0.002	0.003	0.001	0.002	0.002
725.00	-0.000	0.001	0.004	0.000	0.001	0.000	0.002	0.003	0.001	0.002	0.002
726.00	-0.000	0.000	0.004	0.000	0.001	0.001	0.002	0.003	0.001	0.002	0.002
727.00	-0.000	0.001	0.004	0.000	0.002	0.001	0.002	0.003	0.001	0.002	0.002
728.00	-0.000	0.001	0.004	0.000	0.001	0.000	0.002	0.003	0.001	0.002	0.002
729.00	-0.000	0.001	0.004	0.000	0.002	0.000	0.002	0.003	0.001	0.002	0.002
730.00	-0.000	0.000	0.004	0.000	0.001	0.000	0.002	0.003	0.001	0.002	0.002
731.00	-0.000	0.001	0.004	0.000	0.001	0.001	0.002	0.003	0.001	0.002	0.002
732.00	-0.000	0.001	0.004	0.000	0.001	0.001	0.002	0.003	0.001	0.002	0.002
733.00	-0.000	0.000	0.004	0.000	0.001	0.001	0.002	0.003	0.001	0.002	0.002
734.00	-0.000	0.000	0.004	0.000	0.001	0.000	0.002	0.003	0.001	0.002	0.002
735.00	-0.000	0.001	0.004	0.000	0.001	0.001	0.002	0.003	0.001	0.002	0.002
736.00	-0.000	0.001	0.004	0.000	0.001	0.001	0.002	0.003	0.001	0.002	0.002
737.00	-0.000	0.001	0.004	0.000	0.001	0.001	0.002	0.003	0.001	0.002	0.002
738.00	-0.000	0.001	0.004	0.000	0.001	0.001	0.002	0.003	0.001	0.002	0.002
739.00	-0.000	0.001	0.004	0.000	0.001	0.001	0.002	0.003	0.001	0.002	0.002
740.00	-0.000	0.001	0.004	0.000	0.001	0.001	0.002	0.003	0.001	0.002	0.002
741.00	-0.000	0.001	0.004	0.000	0.001	0.001	0.002	0.003	0.001	0.002	0.002
742.00	-0.000	0.001	0.004	0.000	0.001	0.001	0.002	0.003	0.001	0.002	0.002
743.00	-0.000	0.001	0.004	0.000	0.001	0.001	0.002	0.003	0.001	0.002	0.002
744.00	-0.000	0.001	0.004	0.000	0.001	0.001	0.002	0.003	0.001	0.002	0.002
745.00	-0.000	0.001	0.004	0.000	0.001	0.001	0.002	0.003	0.001	0.002	0.002
746.00	-0.000	0.001	0.004	0.000	0.001	0.001	0.002	0.003	0.001	0.002	0.002
747.00	-0.000	0.000	0.004	0.000	0.001	0.000	0.002	0.003	0.001	0.002	0.002
748.00	-0.000	0.001	0.004	0.000	0.001	0.000	0.002	0.003	0.001	0.002	0.002
749.00	-0.000	0.001	0.004	0.000	0.001	0.000	0.002	0.003	0.001	0.002	0.002
750.00	-0.000	0.001	0.004	0.000	0.001	0.000	0.002	0.003	0.001	0.002	0.002
751.00	-0.000	0.001	0.004	0.000	0.001	0.000	0.002	0.003	0.001	0.002	0.002
752.00	-0.000	0.001	0.004	0.000	0.001	0.000	0.002	0.003	0.001	0.002	0.002
753.00	-0.000	0.000	0.004	0.000	0.001	0.000	0.002	0.003	0.001	0.002	0.002
754.00	-0.000	0.001	0.004	0.000	0.001	0.000	0.002	0.003	0.001	0.002	0.002
755.00	-0.000	0.001	0.004	0.000	0.001	0.000	0.002	0.003	0.001	0.002	0.002
756.00	-0.000	0.000	0.004	0.000	0.001	0.000	0.002	0.003	0.001	0.002	0.002
757.00	-0.000	0.001	0.004	0.000	0.001	0.000	0.002	0.003	0.001	0.002	0.002
758.00	-0.000	0.001	0.004	0.000	0.001	0.000	0.002	0.003	0.001	0.002	0.002
759.00	0.000	0.001	0.005	0.000	0.001	0.001	0.002	0.003	0.001	0.002	0.002
760.00	0.001	0.002	0.005	0.001	0.002	0.001	0.003	0.004	0.002	0.003	0.003
761.00	0.000	0.001	0.005	0.000	0.001	0.001	0.002	0.003	0.001	0.002	0.002
762.00	-0.000	0.001	0.004	0.000	0.001	0.000	0.002	0.003	0.001	0.002	0.002
763.00	-0.000	0.001	0.004	0.000	0.001	0.000	0.002	0.003	0.001	0.002	0.002
764.00	-0.000	0.001	0.004	0.000	0.001	0.001	0.002	0.003	0.001	0.002	0.002
765.00	-0.000	0.001	0.004	0.000	0.001	0.001	0.002	0.003	0.001	0.002	0.002
766.00	-0.000	0.001	0.004	0.000	0.001	0.000	0.002	0.003	0.001	0.002	0.002
767.00	-0.000	0.001	0.004	0.000	0.001	0.000	0.002	0.003	0.001	0.002	0.002
768.00	-0.000	0.001	0.004	0.000	0.001	0.000	0.002	0.003	0.001	0.002	0.002
769.00	-0.000	0.001	0.004	0.000	0.001	0.000	0.002	0.002	0.001	0.002	0.002
770.00	-0.000	0.001	0.004	0.000	0.001	0.000	0.002	0.002	0.001	0.002	0.002
771.00	-0.000	0.001	0.004	0.000	0.001	0.000	0.002	0.003	0.001	0.002	0.002
772.00	-0.000	0.001	0.004	0.000	0.001	0.000	0.002	0.002	0.001	0.002	0.002
773.00	-0.000	0.001	0.004	0.000	0.001	0.000	0.002	0.003	0.001	0.002	0.002
774.00	-0.000	0.001	0.004	0.000	0.001	0.000	0.002	0.003	0.001	0.002	0.002
775.00	-0.000	0.001	0.004	0.000	0.001	0.000	0.002	0.003	0.001	0.002	0.002
776.00	-0.000	0.001	0.004	0.000	0.001	0.000	0.002	0.003	0.001	0.002	0.002
777.00	-0.000	0.001	0.005	0.000	0.001	0.000	0.002	0.003	0.001	0.002	0.002
778.00	-0.000	0.001	0.004	0.000	0.001	0.000	0.002	0.003	0.001	0.002	0.002
779.00	-0.000	0.001	0.004	0.000	0.001	0.000	0.002	0.003	0.001	0.002	0.002
780.00	-0.000	0.001	0.004	0.000	0.001	0.000	0.002	0.003	0.001	0.002	0.002
781.00	-0.000	0.001	0.004	0.000	0.001	0.000	0.002	0.003	0.001	0.002	0.002
782.00	-0.000	0.001	0.004	0.000	0.001	0.000	0.002	0.003	0.001	0.002	0.002
783.00	-0.000	0.001	0.004	0.000	0.001	0.000	0.002	0.003	0.001	0.002	0.002
784.00	-0.000	0.001	0.004	0.000	0.001	0.000	0.002	0.003	0.001	0.002	0.002
785.00	-0.000	0.001	0.004	0.000	0.001	0.000	0.002	0.003	0.001	0.002	0.002
786.00	-0.000	0.001	0.004	0.000	0.001	0.000	0.002	0.003	0.001	0.002	0.002
787.00	-0.000	0.001	0.004	0.000	0.001	0.001	0.002	0.003	0.001	0.002	0.002
788.00	-0.000	0.001	0.004	0.000	0.001	0.001	0.002	0.003	0.001	0.002	0.002
789.00	-0.000	0.001	0.004	0.000	0.001	0.000	0.002	0.003	0.001	0.002	0.002
790.00	-0.000	0.001	0.004	0.000	0.001	0.001	0.002	0.003	0.001	0.002	0.002
791.00	-0.000	0.001	0.004	0.000	0.001	0.001	0.002	0.003	0.001	0.002	0.002
792.00	-0.000	0.001	0.005	0.000	0.001	0.001	0.002	0.003	0.001	0.002	0.002
793.00	-0.000	0.001	0.005	0.000	0.001	0.001	0.002	0.003	0.001	0.002	0.002
794.00	-0.000	0.001	0.004	0.000	0.001	0.000	0.002	0.003	0.001	0.002	0.002
795.00	-0.000	0.001	0.005	0.000	0.001	0.001	0.002	0.002	0.001	0.002	0.002
796.00	-0.000	0.001	0.004	0.000	0.001	0.000	0.002	0.003	0.001	0.002	0.002
797.00	-0.000	0.001	0.004	0.000	0.001	0.000	0.002	0.002	0.001	0.002	0.002
798.00	-0.000	0.001	0.004	0.000	0.001	0.000	0.002	0.002	0.001	0.002	0.002
799.00	-0.000	0.001	0.005	0.000	0.001	0.001	0.002	0.003	0.001	0.002	0.002
800.00	-0.000	0.001	0.005	0.000	0.001	0.000	0.002	0.003	0.001	0.002	0.002
801.00	-0.000	0.001	0.005	0.000	0.001	0.000	0.002	0.003	0.001	0.002	0.002
802.00	-0.000	0.001	0.005	0.000	0.001	0.000	0.002	0.003	0.001	0.002	0.002
803.00	-0.000	0.001	0.004	0.000	0.001	0.000	0.002	0.002	0.001	0.002	0.002
804.00	-0.000	0.001	0.004	0.000	0.001	0.000	0.002	0.002	0.001	0.002	0.002
805.00	-0.000	0.000	0.004	0.000	0.001	0.000	0.002	0.002	0.001	0.002	0.002
806.00	-0.000	0.001	0.004	0.000	0.001	0.000	0.002	0.003	0.001	0.002	0.002
807.00	-0.000	0.001	0.004	0.000	0.001	0.001	0.002	0.003	0.001	0.002	0.002
808.00	-0.000	0.001	0.005	0.000	0.001	0.000	0.002	0.003	0.001	0.002	0.002
809.00	-0.000	0.000	0.004	0.000	0.001	0.000	0.002	0.002	0.001	0.002	0.002
810.00	-0.000	0.000	0.004	0.000	0.001	0.000	0.002	0.003	0.001	0.002	0.002
811.00	-0.000	0.001	0.004	0.000	0.001	0.000	0.002	0.003	0.001	0.002	0.002
812.00	-0.000	0.001	0.004	0.000	0.001	0.000	0.002	0.002	0.001	0.002	0.002
813.00	-0.000	0.001	0.004	0.000	0.001	0.000	0.002	0.002	0.001	0.002	0.002
814.00	-0.000	0.001	0.004	0.000	0.001	0.000	0.002	0.003	0.001	0.002	0.002
815.00	-0.000	0.001	0.005	0.000	0.001	0.001	0.002	0.003	0.001	0.002	0.002
816.00	-0.000	0.001	0.004	0.000	0.001	0.001	0.002	0.003	0.001	0.002	0.002
817.00	-0.000	0.001	0.004	0.000	0.001	0.000	0.002	0.003	0.001	0.002	0.002
818.00	-0.000	0.001	0.004	0.000	0.001	0.000	0.002	0.003	0.001	0.002	0.002
819.00	-0.000	0.001	0.004	0.000	0.001	0.000	0.002	0.002	0.001	0.002	0.002
820.00	-0.000	0.001	0.004	0.000	0.001	0.000	0.002	0.003	0.001	0.002	0.002
821.00	-0.000	0.001	0.004	0.000	0.001	0.000	0.002	0.002	0.001	0.002	0.002
822.00	-0.000	0.001	0.004	0.000	0.001	0.000	0.002	0.002	0.001	0.002	0.002
823.00	-0.000	0.001	0.004	0.000	0.001	0.000	0.002	0.002	0.001	0.002	0.002
824.00	-0.000	0.000	0.004	0.000	0.001	0.000	0.002	0.002	0.001	0.002	0.002
825.00	-0.000	0.001	0.004	0.000	0.001	0.000	0.002	0.002	0.001	0.002	0.002
826.00	0.000	0.001	0.004	0.000	0.001	0.000	0.002	0.003	0.001	0.002	0.002
827.00	0.000	0.001	0.005	0.000	0.001	0.001	0.002	0.003	0.001	0.002	0.002
828.00	-0.000	0.001	0.004	0.000	0.001	0.001	0.002	0.003	0.001	0.002	0.002
829.00	-0.000	0.001	0.004	0.000	0.001	0.001	0.002	0.002	0.001	0.002	0.002
830.00	-0.000	0.001	0.004	0.000	0.001	0.000	0.002	0.002	0.001	0.002	0.002
831.00	-0.000	0.001	0.004	0.000	0.001	0.000	0.002	0.002	0.001	0.002	0.002
832.00	-0.000	0.001	0.004	0.000	0.001	0.000	0.002	0.002	0.001	0.002	0.002
833.00	-0.000	0.001	0.004	0.000	0.002	0.001	0.002	0.002	0.001	0.002	0.002
834.00	-0.000	0.001	0.004	0.000	0.002	0.001	0.002	0.003	0.001	0.002	0.002
835.00	-0.000	0.001	0.004	0.000	0.002	0.001	0.002	0.002	0.001	0.002	0.002
836.00	-0.000	0.001	0.004	0.000	0.002	0.001	0.002	0.003	0.001	0.002	0.002
837.00	-0.000	0.001	0.004	0.000	0.002	0.001	0.002	0.002	0.001	0.002	0.002
838.00	-0.000	0.001	0.005	0.000	0.002	0.001	0.002	0.003	0.001	0.002	0.002
839.00	0.000	0.001	0.005	0.000	0.002	0.001	0.002	0.003	0.001	0.002	0.002
840.00	-0.000	0.001	0.005	0.000	0.002	0.001	0.002	0.003	0.001	0.002	0.002
841.00	-0.000	0.001	0.005	0.000	0.002	0.000	0.002	0.003	0.001	0.002	0.002
842.00	0.000	0.001	0.005	0.000	0.002	0.001	0.002	0.003	0.001	0.002	0.002
843.00	0.000	0.001	0.004	0.000	0.002	0.001	0.002	0.003	0.001	0.002	0.002
844.00	0.000	0.001	0.005	0.000	0.002	0.001	0.002	0.003	0.001	0.002	0.002
845.00	0.000	0.001	0.004	0.000	0.002	0.001	0.002	0.003	0.001	0.002	0.002
846.00	0.000	0.001	0.005	0.000	0.002	0.001	0.002	0.003	0.001	0.002	0.002
847.00	-0.000	0.001	0.005	0.000	0.002	0.000	0.002	0.003	0.001	0.002	0.002
848.00	-0.000	0.001	0.005	0.000	0.002	0.000	0.002	0.003	0.001	0.002	0.002
849.00	0.000	0.001	0.005	0.000	0.002	0.001	0.002	0.003	0.001	0.002	0.002
850.00	0.000	0.001	0.005	0.000	0.002	0.000	0.002	0.003	0.001	0.002	0.002
