190.00	-0.018	0.352	0.304	0.124	0.341	0.345	0.275	0.568	0.361	0.347	0.366
191.00	-0.019	0.325	0.278	0.116	0.317	0.319	0.245	0.524	0.333	0.322	0.336
192.00	-0.018	0.297	0.253	0.108	0.291	0.292	0.217	0.475	0.306	0.297	0.308
193.00	-0.019	0.270	0.227	0.102	0.266	0.267	0.190	0.423	0.277	0.272	0.279
194.00	-0.019	0.248	0.207	0.096	0.247	0.246	0.170	0.382	0.254	0.251	0.256
195.00	-0.018	0.228	0.187	0.092	0.227	0.227	0.151	0.343	0.234	0.231	0.236
196.00	-0.017	0.212	0.171	0.088	0.211	0.211	0.137	0.310	0.216	0.215	0.219
197.00	-0.016	0.197	0.157	0.085	0.197	0.198	0.124	0.283	0.201	0.201	0.205
198.00	-0.016	0.184	0.145	0.082	0.184	0.186	0.114	0.259	0.187	0.188	0.192
199.00	-0.015	0.173	0.135	0.080	0.173	0.176	0.105	0.240	0.177	0.177	0.180
200.00	-0.015	0.162	0.127	0.078	0.164	0.166	0.098	0.223	0.167	0.167	0.170
201.00	-0.015	0.153	0.119	0.076	0.155	0.157	0.092	0.208	0.159	0.157	0.161
202.00	-0.014	0.145	0.112	0.074	0.147	0.150	0.087	0.195	0.151	0.149	0.153
203.00	-0.014	0.138	0.107	0.073	0.141	0.143	0.083	0.185	0.145	0.142	0.146
204.00	-0.013	0.132	0.102	0.072	0.135	0.137	0.080	0.176	0.140	0.135	0.140
205.00	-0.013	0.126	0.097	0.070	0.130	0.132	0.076	0.169	0.135	0.130	0.135
206.00	-0.013	0.121	0.093	0.069	0.124	0.127	0.074	0.162	0.130	0.125	0.130
207.00	-0.012	0.117	0.090	0.068	0.120	0.123	0.072	0.156	0.126	0.121	0.126
208.00	-0.012	0.114	0.087	0.066	0.116	0.119	0.069	0.151	0.123	0.117	0.122
209.00	-0.012	0.110	0.084	0.065	0.112	0.115	0.067	0.145	0.119	0.113	0.119
210.00	-0.012	0.107	0.082	0.064	0.109	0.112	0.065	0.140	0.116	0.110	0.115
211.00	-0.011	0.104	0.080	0.063	0.106	0.109	0.063	0.134	0.113	0.107	0.112
212.00	-0.011	0.101	0.077	0.061	0.102	0.105	0.062	0.128	0.110	0.104	0.109
213.00	-0.010	0.098	0.075	0.060	0.099	0.102	0.060	0.122	0.106	0.101	0.106
214.00	-0.010	0.096	0.073	0.058	0.096	0.099	0.058	0.117	0.103	0.099	0.104
215.00	-0.010	0.093	0.072	0.057	0.093	0.097	0.056	0.111	0.100	0.096	0.101
216.00	-0.009	0.091	0.070	0.056	0.090	0.094	0.055	0.105	0.097	0.094	0.099
217.00	-0.010	0.089	0.068	0.055	0.087	0.091	0.053	0.099	0.094	0.091	0.096
218.00	-0.009	0.087	0.066	0.053	0.084	0.088	0.051	0.094	0.091	0.089	0.094
219.00	-0.009	0.085	0.065	0.052	0.082	0.086	0.050	0.088	0.089	0.087	0.092
220.00	-0.009	0.083	0.063	0.051	0.080	0.084	0.048	0.083	0.086	0.085	0.090
221.00	-0.009	0.081	0.062	0.050	0.077	0.082	0.046	0.078	0.083	0.083	0.088
222.00	-0.009	0.079	0.061	0.049	0.075	0.080	0.045	0.074	0.081	0.081	0.086
223.00	-0.009	0.078	0.059	0.048	0.073	0.078	0.044	0.070	0.079	0.080	0.085
224.00	-0.009	0.076	0.058	0.047	0.071	0.076	0.043	0.066	0.077	0.078	0.083
225.00	-0.008	0.075	0.057	0.046	0.069	0.074	0.042	0.062	0.075	0.076	0.082
226.00	-0.009	0.073	0.056	0.045	0.067	0.073	0.040	0.059	0.073	0.075	0.080
227.00	-0.009	0.072	0.054	0.044	0.065	0.071	0.039	0.056	0.071	0.073	0.079
228.00	-0.008	0.070	0.053	0.044	0.064	0.070	0.038	0.053	0.069	0.072	0.077
229.00	-0.008	0.069	0.052	0.043	0.062	0.068	0.037	0.050	0.068	0.070	0.076
230.00	-0.008	0.068	0.051	0.042	0.061	0.067	0.036	0.048	0.066	0.069	0.075
231.00	-0.008	0.067	0.050	0.041	0.059	0.065	0.035	0.046	0.065	0.068	0.073
232.00	-0.008	0.065	0.049	0.041	0.058	0.064	0.035	0.044	0.063	0.066	0.072
233.00	-0.008	0.064	0.048	0.040	0.057	0.063	0.034	0.043	0.062	0.065	0.071
234.00	-0.008	0.063	0.048	0.039	0.055	0.062	0.033	0.041	0.061	0.064	0.070
235.00	-0.008	0.062	0.046	0.039	0.054	0.061	0.032	0.040	0.060	0.063	0.068
236.00	-0.008	0.061	0.046	0.038	0.053	0.059	0.032	0.039	0.059	0.062	0.068
237.00	-0.008	0.060	0.045	0.037	0.052	0.059	0.031	0.038	0.058	0.061	0.067
238.00	-0.008	0.059	0.044	0.037	0.051	0.058	0.031	0.037	0.057	0.060	0.066
239.00	-0.008	0.058	0.044	0.036	0.050	0.057	0.030	0.037	0.056	0.059	0.065
240.00	-0.008	0.058	0.043	0.036	0.050	0.056	0.030	0.036	0.055	0.058	0.064
241.00	-0.008	0.057	0.042	0.036	0.049	0.055	0.030	0.035	0.055	0.057	0.064
242.00	-0.007	0.056	0.042	0.035	0.048	0.055	0.029	0.035	0.054	0.056	0.063
243.00	-0.007	0.056	0.041	0.035	0.048	0.054	0.029	0.034	0.053	0.056	0.062
244.00	-0.007	0.055	0.041	0.034	0.047	0.054	0.028	0.034	0.053	0.055	0.062
245.00	-0.007	0.055	0.041	0.034	0.047	0.053	0.028	0.034	0.052	0.055	0.061
246.00	-0.007	0.054	0.040	0.033	0.046	0.053	0.028	0.033	0.052	0.054	0.061
247.00	-0.007	0.054	0.040	0.033	0.046	0.052	0.028	0.033	0.051	0.054	0.060
248.00	-0.007	0.053	0.039	0.033	0.046	0.052	0.027	0.033	0.051	0.053	0.060
249.00	-0.007	0.053	0.039	0.033	0.045	0.052	0.027	0.032	0.051	0.053	0.060
250.00	-0.007	0.053	0.039	0.033	0.045	0.051	0.027	0.032	0.051	0.053	0.059
251.00	-0.006	0.053	0.039	0.032	0.045	0.051	0.027	0.032	0.050	0.052	0.059
252.00	-0.007	0.052	0.038	0.032	0.044	0.051	0.027	0.032	0.050	0.052	0.059
253.00	-0.007	0.052	0.038	0.032	0.044	0.050	0.026	0.031	0.050	0.051	0.058
254.00	-0.006	0.051	0.038	0.031	0.043	0.050	0.026	0.031	0.049	0.051	0.058
255.00	-0.006	0.051	0.037	0.031	0.043	0.050	0.026	0.031	0.049	0.051	0.058
256.00	-0.006	0.051	0.037	0.031	0.043	0.049	0.026	0.031	0.049	0.050	0.057
257.00	-0.006	0.050	0.037	0.030	0.042	0.049	0.025	0.031	0.048	0.050	0.057
258.00	-0.006	0.050	0.036	0.030	0.042	0.048	0.025	0.030	0.048	0.049	0.057
259.00	-0.006	0.050	0.036	0.030	0.042	0.048	0.025	0.030	0.047	0.049	0.056
260.00	-0.006	0.049	0.036	0.030	0.041	0.047	0.025	0.030	0.047	0.049	0.056
261.00	-0.006	0.049	0.035	0.029	0.041	0.047	0.024	0.030	0.046	0.048	0.055
262.00	-0.006	0.048	0.035	0.029	0.040	0.047	0.024	0.029	0.046	0.048	0.055
263.00	-0.006	0.048	0.035	0.029	0.040	0.046	0.024	0.029	0.046	0.047	0.054
264.00	-0.006	0.047	0.034	0.028	0.039	0.046	0.023	0.029	0.045	0.047	0.054
265.00	-0.006	0.047	0.034	0.028	0.039	0.045	0.023	0.029	0.045	0.046	0.054
266.00	-0.006	0.047	0.034	0.028	0.038	0.044	0.023	0.028	0.044	0.046	0.053
267.00	-0.006	0.046	0.033	0.027	0.038	0.044	0.023	0.028	0.044	0.045	0.052
268.00	-0.006	0.045	0.033	0.027	0.037	0.043	0.023	0.028	0.043	0.045	0.052
269.00	-0.006	0.045	0.032	0.027	0.037	0.043	0.022	0.028	0.043	0.044	0.051
270.00	-0.006	0.044	0.032	0.027	0.036	0.042	0.022	0.027	0.042	0.044	0.051
271.00	-0.006	0.043	0.031	0.026	0.036	0.041	0.022	0.027	0.042	0.043	0.050
272.00	-0.006	0.043	0.031	0.026	0.035	0.041	0.022	0.027	0.041	0.042	0.050
273.00	-0.006	0.042	0.030	0.026	0.034	0.040	0.021	0.026	0.040	0.042	0.049
274.00	-0.005	0.042	0.030	0.025	0.034	0.040	0.021	0.026	0.040	0.041	0.048
275.00	-0.006	0.041	0.029	0.025	0.033	0.039	0.021	0.026	0.039	0.040	0.047
276.00	-0.006	0.040	0.028	0.025	0.032	0.038	0.020	0.025	0.039	0.040	0.047
277.00	-0.006	0.039	0.028	0.024	0.032	0.037	0.020	0.025	0.038	0.039	0.046
278.00	-0.006	0.039	0.028	0.024	0.031	0.037	0.020	0.025	0.037	0.038	0.045
279.00	-0.006	0.038	0.027	0.024	0.030	0.036	0.019	0.025	0.037	0.038	0.045
280.00	-0.006	0.037	0.026	0.023	0.029	0.035	0.019	0.024	0.036	0.037	0.044
281.00	-0.006	0.037	0.026	0.023	0.029	0.035	0.019	0.024	0.036	0.037	0.043
282.00	-0.005	0.036	0.025	0.023	0.028	0.034	0.019	0.024	0.035	0.036	0.043
283.00	-0.005	0.035	0.025	0.022	0.027	0.033	0.018	0.023	0.035	0.035	0.042
284.00	-0.005	0.034	0.024	0.022	0.027	0.033	0.018	0.023	0.034	0.034	0.041
285.00	-0.005	0.034	0.024	0.022	0.026	0.032	0.018	0.023	0.033	0.034	0.040
286.00	-0.005	0.033	0.023	0.022	0.025	0.031	0.017	0.022	0.033	0.033	0.040
287.00	-0.005	0.032	0.023	0.021	0.025	0.031	0.017	0.022	0.032	0.033	0.039
288.00	-0.005	0.032	0.022	0.021	0.024	0.030	0.017	0.022	0.032	0.032	0.038
289.00	-0.005	0.031	0.022	0.021	0.023	0.029	0.017	0.022	0.031	0.031	0.038
290.00	-0.005	0.030	0.021	0.020	0.023	0.029	0.016	0.021	0.031	0.031	0.037
291.00	-0.005	0.029	0.021	0.020	0.022	0.028	0.016	0.021	0.030	0.030	0.036
292.00	-0.005	0.029	0.020	0.020	0.022	0.028	0.016	0.021	0.030	0.029	0.036
293.00	-0.005	0.028	0.019	0.019	0.021	0.027	0.015	0.020	0.029	0.029	0.035
294.00	-0.005	0.027	0.019	0.019	0.020	0.026	0.015	0.020	0.028	0.028	0.035
295.00	-0.005	0.027	0.019	0.019	0.020	0.026	0.015	0.020	0.028	0.027	0.034
296.00	-0.005	0.026	0.018	0.018	0.019	0.025	0.014	0.019	0.027	0.027	0.033
297.00	-0.005	0.026	0.018	0.018	0.019	0.025	0.014	0.019	0.027	0.026	0.033
298.00	-0.005	0.025	0.017	0.018	0.018	0.024	0.014	0.019	0.027	0.026	0.032
299.00	-0.005	0.025	0.017	0.018	0.018	0.023	0.014	0.019	0.026	0.025	0.032
300.00	-0.005	0.024	0.017	0.017	0.018	0.023	0.014	0.018	0.026	0.025	0.032
301.00	-0.005	0.024	0.016	0.017	0.017	0.022	0.013	0.018	0.025	0.024	0.031
302.00	-0.005	0.023	0.016	0.017	0.017	0.022	0.013	0.018	0.025	0.024	0.030
303.00	-0.005	0.023	0.015	0.017	0.016	0.022	0.013	0.018	0.025	0.023	0.030
304.00	-0.005	0.023	0.015	0.016	0.016	0.021	0.013	0.017	0.024	0.023	0.029
305.00	-0.004	0.022	0.015	0.016	0.016	0.021	0.013	0.017	0.024	0.022	0.029
306.00	-0.005	0.022	0.014	0.016	0.015	0.020	0.012	0.017	0.024	0.022	0.028
307.00	-0.005	0.022	0.014	0.015	0.015	0.019	0.012	0.017	0.023	0.021	0.028
308.00	-0.005	0.021	0.014	0.015	0.014	0.019	0.012	0.017	0.023	0.021	0.027
309.00	-0.005	0.021	0.014	0.015	0.014	0.019	0.012	0.016	0.023	0.021	0.027
310.00	-0.005	0.021	0.013	0.015	0.014	0.018	0.011	0.016	0.022	0.020	0.026
311.00	-0.005	0.020	0.013	0.015	0.014	0.018	0.011	0.016	0.022	0.020	0.026
312.00	-0.005	0.020	0.013	0.015	0.013	0.018	0.011	0.016	0.022	0.020	0.026
313.00	-0.005	0.020	0.012	0.014	0.013	0.017	0.011	0.015	0.022	0.019	0.026
314.00	-0.004	0.020	0.012	0.014	0.013	0.017	0.011	0.015	0.021	0.019	0.026
315.00	-0.004	0.019	0.012	0.014	0.013	0.017	0.011	0.015	0.021	0.019	0.025
316.00	-0.004	0.019	0.012	0.014	0.012	0.017	0.010	0.015	0.021	0.019	0.025
317.00	-0.004	0.019	0.011	0.014	0.012	0.016	0.010	0.015	0.021	0.018	0.025
318.00	-0.004	0.018	0.011	0.013	0.012	0.016	0.010	0.015	0.020	0.018	0.024
319.00	-0.005	0.018	0.011	0.013	0.011	0.015	0.009	0.014	0.020	0.017	0.023
320.00	-0.004	0.018	0.011	0.013	0.011	0.015	0.009	0.014	0.020	0.017	0.023
321.00	-0.004	0.018	0.011	0.013	0.011	0.015	0.009	0.014	0.020	0.017	0.023
322.00	-0.004	0.017	0.010	0.013	0.011	0.015	0.009	0.014	0.019	0.017	0.023
323.00	-0.004	0.017	0.010	0.013	0.010	0.014	0.009	0.014	0.019	0.016	0.023
324.00	-0.004	0.017	0.010	0.012	0.010	0.014	0.009	0.014	0.019	0.016	0.023
325.00	-0.004	0.016	0.010	0.012	0.010	0.014	0.009	0.014	0.019	0.016	0.022
326.00	-0.004	0.016	0.010	0.012	0.010	0.013	0.009	0.013	0.018	0.016	0.022
327.00	-0.004	0.016	0.010	0.012	0.010	0.013	0.008	0.013	0.018	0.015	0.022
328.00	-0.004	0.016	0.009	0.012	0.009	0.013	0.008	0.013	0.018	0.015	0.022
329.00	-0.004	0.016	0.009	0.012	0.009	0.013	0.008	0.013	0.018	0.015	0.021
330.00	-0.004	0.016	0.009	0.011	0.009	0.013	0.008	0.013	0.018	0.015	0.021
331.00	-0.004	0.015	0.009	0.011	0.009	0.012	0.008	0.013	0.017	0.014	0.021
332.00	-0.004	0.015	0.009	0.011	0.009	0.012	0.008	0.013	0.017	0.014	0.021
333.00	-0.004	0.015	0.008	0.011	0.008	0.012	0.008	0.013	0.017	0.014	0.021
334.00	-0.004	0.014	0.008	0.011	0.008	0.012	0.008	0.013	0.017	0.013	0.020
335.00	-0.004	0.014	0.008	0.010	0.008	0.012	0.007	0.012	0.017	0.013	0.020
336.00	-0.004	0.014	0.008	0.011	0.008	0.011	0.008	0.012	0.017	0.013	0.020
337.00	-0.004	0.014	0.008	0.010	0.008	0.011	0.008	0.012	0.016	0.013	0.020
338.00	-0.004	0.014	0.008	0.010	0.008	0.011	0.008	0.012	0.016	0.012	0.020
339.00	-0.003	0.014	0.008	0.010	0.008	0.011	0.008	0.012	0.016	0.012	0.020
340.00	-0.002	0.015	0.009	0.011	0.009	0.012	0.008	0.013	0.018	0.014	0.021
341.00	-0.003	0.013	0.008	0.010	0.007	0.010	0.007	0.012	0.016	0.012	0.019
342.00	-0.004	0.012	0.007	0.009	0.006	0.010	0.006	0.011	0.015	0.011	0.018
343.00	-0.004	0.012	0.006	0.009	0.006	0.009	0.006	0.011	0.015	0.011	0.018
344.00	-0.004	0.012	0.006	0.008	0.006	0.010	0.006	0.011	0.015	0.011	0.018
345.00	-0.004	0.012	0.006	0.009	0.006	0.010	0.006	0.011	0.015	0.011	0.018
346.00	-0.004	0.012	0.006	0.008	0.006	0.009	0.006	0.011	0.015	0.010	0.018
347.00	-0.004	0.011	0.006	0.008	0.006	0.009	0.006	0.011	0.014	0.010	0.018
348.00	-0.004	0.011	0.006	0.008	0.005	0.009	0.006	0.011	0.014	0.010	0.018
349.00	-0.004	0.011	0.006	0.008	0.006	0.009	0.006	0.011	0.014	0.010	0.018
350.00	-0.004	0.011	0.006	0.008	0.006	0.009	0.006	0.010	0.014	0.010	0.017
351.00	-0.003	0.011	0.006	0.008	0.006	0.009	0.006	0.011	0.014	0.010	0.017
352.00	-0.003	0.011	0.006	0.008	0.006	0.009	0.006	0.010	0.014	0.010	0.017
353.00	-0.003	0.011	0.005	0.008	0.005	0.008	0.006	0.010	0.014	0.009	0.017
354.00	-0.003	0.011	0.005	0.007	0.005	0.008	0.005	0.010	0.014	0.009	0.017
355.00	-0.003	0.011	0.005	0.008	0.005	0.009	0.005	0.010	0.014	0.009	0.017
356.00	-0.003	0.011	0.005	0.008	0.005	0.008	0.006	0.010	0.014	0.009	0.017
357.00	-0.003	0.010	0.005	0.007	0.005	0.008	0.005	0.010	0.014	0.009	0.017
358.00	-0.003	0.011	0.005	0.007	0.005	0.008	0.005	0.010	0.014	0.009	0.017
359.00	-0.003	0.010	0.005	0.007	0.005	0.008	0.005	0.010	0.013	0.009	0.016
360.00	-0.003	0.010	0.005	0.007	0.005	0.008	0.005	0.010	0.013	0.009	0.016
361.00	-0.003	0.010	0.005	0.007	0.005	0.008	0.005	0.010	0.013	0.008	0.016
362.00	-0.003	0.010	0.005	0.007	0.005	0.008	0.005	0.010	0.013	0.008	0.016
363.00	-0.003	0.010	0.005	0.007	0.005	0.008	0.005	0.009	0.013	0.008	0.016
364.00	-0.003	0.010	0.004	0.007	0.005	0.007	0.005	0.010	0.012	0.008	0.016
365.00	-0.003	0.010	0.005	0.007	0.004	0.007	0.005	0.010	0.013	0.008	0.016
366.00	-0.003	0.010	0.004	0.007	0.004	0.007	0.005	0.009	0.013	0.008	0.016
367.00	-0.003	0.010	0.004	0.006	0.004	0.007	0.004	0.009	0.013	0.008	0.015
368.00	-0.003	0.009	0.004	0.006	0.004	0.007	0.005	0.009	0.012	0.007	0.016
369.00	-0.003	0.009	0.004	0.006	0.004	0.007	0.004	0.009	0.012	0.007	0.015
370.00	-0.003	0.009	0.004	0.006	0.004	0.007	0.004	0.009	0.012	0.007	0.015
371.00	-0.002	0.009	0.004	0.006	0.004	0.007	0.004	0.009	0.012	0.007	0.015
372.00	-0.003	0.009	0.004	0.006	0.004	0.006	0.004	0.009	0.012	0.007	0.015
373.00	-0.003	0.009	0.004	0.006	0.004	0.006	0.004	0.009	0.012	0.007	0.015
374.00	-0.002	0.009	0.004	0.006	0.004	0.006	0.004	0.009	0.012	0.007	0.015
375.00	-0.003	0.009	0.004	0.006	0.004	0.006	0.004	0.009	0.012	0.007	0.015
376.00	-0.003	0.009	0.004	0.006	0.004	0.006	0.004	0.009	0.012	0.007	0.015
377.00	-0.003	0.009	0.004	0.006	0.003	0.006	0.004	0.009	0.012	0.007	0.014
378.00	-0.002	0.009	0.004	0.006	0.004	0.006	0.004	0.009	0.012	0.006	0.015
379.00	-0.002	0.009	0.004	0.006	0.003	0.006	0.004	0.009	0.011	0.006	0.014
380.00	-0.002	0.008	0.004	0.005	0.003	0.006	0.004	0.009	0.011	0.006	0.014
381.00	-0.003	0.008	0.003	0.005	0.003	0.006	0.004	0.009	0.011	0.006	0.014
382.00	-0.002	0.008	0.003	0.005	0.003	0.006	0.004	0.009	0.011	0.006	0.014
383.00	-0.002	0.008	0.004	0.005	0.003	0.006	0.004	0.009	0.011	0.006	0.014
384.00	-0.002	0.008	0.003	0.005	0.003	0.006	0.004	0.009	0.011	0.006	0.014
385.00	-0.002	0.008	0.003	0.005	0.003	0.006	0.004	0.009	0.011	0.006	0.014
386.00	-0.002	0.008	0.004	0.005	0.003	0.006	0.004	0.009	0.011	0.006	0.014
387.00	-0.002	0.008	0.003	0.005	0.003	0.005	0.004	0.008	0.011	0.006	0.014
388.00	-0.002	0.008	0.003	0.005	0.003	0.005	0.004	0.008	0.011	0.006	0.014
389.00	-0.002	0.008	0.003	0.005	0.003	0.005	0.004	0.008	0.011	0.006	0.014
390.00	-0.002	0.008	0.003	0.005	0.003	0.005	0.004	0.008	0.011	0.005	0.014
391.00	-0.002	0.008	0.003	0.005	0.003	0.005	0.004	0.008	0.010	0.005	0.014
392.00	-0.002	0.008	0.003	0.005	0.003	0.005	0.003	0.008	0.010	0.005	0.014
393.00	-0.002	0.007	0.003	0.005	0.002	0.005	0.003	0.008	0.010	0.005	0.014
394.00	-0.002	0.008	0.003	0.005	0.003	0.005	0.003	0.008	0.010	0.005	0.014
395.00	-0.002	0.007	0.003	0.005	0.003	0.005	0.003	0.008	0.010	0.005	0.014
396.00	-0.002	0.008	0.003	0.005	0.003	0.005	0.003	0.008	0.010	0.005	0.014
397.00	-0.002	0.007	0.003	0.005	0.002	0.005	0.003	0.008	0.010	0.005	0.013
398.00	-0.002	0.007	0.003	0.004	0.002	0.005	0.003	0.008	0.010	0.005	0.013
399.00	-0.002	0.007	0.003	0.004	0.002	0.005	0.003	0.008	0.010	0.005	0.013
400.00	-0.002	0.007	0.003	0.004	0.002	0.005	0.003	0.008	0.010	0.005	0.013
401.00	-0.002	0.007	0.003	0.004	0.002	0.005	0.003	0.008	0.010	0.005	0.013
402.00	-0.002	0.007	0.003	0.004	0.002	0.005	0.003	0.008	0.010	0.005	0.013
403.00	-0.002	0.007	0.003	0.004	0.002	0.004	0.003	0.008	0.010	0.005	0.013
404.00	-0.002	0.007	0.003	0.004	0.002	0.004	0.003	0.008	0.010	0.005	0.013
405.00	-0.002	0.007	0.003	0.004	0.002	0.004	0.003	0.008	0.010	0.004	0.013
406.00	-0.002	0.007	0.003	0.004	0.002	0.004	0.003	0.008	0.010	0.004	0.013
407.00	-0.001	0.007	0.003	0.004	0.002	0.004	0.003	0.008	0.010	0.004	0.013
408.00	-0.001	0.007	0.003	0.004	0.002	0.004	0.003	0.008	0.010	0.004	0.013
409.00	-0.001	0.007	0.003	0.004	0.002	0.004	0.003	0.008	0.010	0.004	0.013
410.00	-0.001	0.007	0.003	0.004	0.002	0.004	0.003	0.008	0.010	0.004	0.013
411.00	-0.002	0.007	0.003	0.004	0.002	0.004	0.003	0.008	0.009	0.004	0.013
412.00	-0.001	0.007	0.003	0.004	0.002	0.004	0.003	0.008	0.009	0.004	0.013
413.00	-0.001	0.007	0.003	0.004	0.002	0.004	0.003	0.008	0.009	0.004	0.013
414.00	-0.001	0.007	0.003	0.004	0.002	0.004	0.003	0.008	0.009	0.004	0.013
415.00	-0.001	0.007	0.003	0.004	0.002	0.004	0.003	0.008	0.009	0.004	0.013
416.00	-0.001	0.007	0.002	0.004	0.002	0.004	0.003	0.008	0.009	0.004	0.013
417.00	-0.001	0.007	0.002	0.004	0.002	0.004	0.003	0.008	0.009	0.004	0.012
418.00	-0.001	0.007	0.003	0.004	0.002	0.004	0.003	0.008	0.009	0.004	0.012
419.00	-0.001	0.007	0.002	0.004	0.002	0.004	0.003	0.008	0.009	0.004	0.012
420.00	-0.001	0.007	0.002	0.004	0.002	0.004	0.003	0.008	0.009	0.004	0.012
421.00	-0.001	0.007	0.002	0.004	0.002	0.004	0.003	0.008	0.009	0.004	0.012
422.00	-0.001	0.007	0.002	0.004	0.002	0.004	0.003	0.007	0.009	0.004	0.012
423.00	-0.001	0.007	0.002	0.004	0.002	0.004	0.003	0.007	0.009	0.004	0.012
424.00	-0.001	0.007	0.002	0.004	0.002	0.004	0.003	0.008	0.009	0.004	0.012
425.00	-0.001	0.007	0.002	0.004	0.002	0.004	0.003	0.008	0.009	0.004	0.012
426.00	-0.001	0.007	0.002	0.004	0.002	0.004	0.003	0.008	0.009	0.004	0.012
427.00	-0.001	0.007	0.002	0.004	0.002	0.004	0.003	0.007	0.009	0.004	0.012
428.00	-0.001	0.006	0.002	0.003	0.002	0.004	0.002	0.007	0.009	0.003	0.012
429.00	-0.001	0.006	0.002	0.003	0.002	0.004	0.002	0.007	0.009	0.003	0.012
430.00	-0.001	0.006	0.002	0.003	0.002	0.004	0.002	0.007	0.009	0.003	0.012
431.00	-0.001	0.006	0.002	0.004	0.002	0.004	0.002	0.007	0.009	0.003	0.012
432.00	-0.001	0.006	0.002	0.004	0.002	0.004	0.003	0.007	0.009	0.003	0.012
433.00	-0.001	0.006	0.002	0.003	0.002	0.004	0.002	0.007	0.008	0.003	0.012
434.00	-0.001	0.006	0.002	0.003	0.002	0.004	0.002	0.007	0.008	0.003	0.012
435.00	-0.001	0.006	0.002	0.003	0.002	0.004	0.002	0.007	0.008	0.003	0.012
436.00	-0.001	0.006	0.002	0.003	0.002	0.004	0.002	0.007	0.008	0.003	0.012
437.00	-0.001	0.006	0.002	0.003	0.002	0.003	0.002	0.007	0.008	0.003	0.012
438.00	-0.001	0.006	0.002	0.003	0.002	0.003	0.002	0.007	0.008	0.003	0.012
439.00	-0.001	0.006	0.002	0.003	0.002	0.003	0.002	0.007	0.008	0.003	0.012
440.00	-0.001	0.006	0.002	0.003	0.002	0.003	0.002	0.007	0.008	0.003	0.012
441.00	-0.001	0.006	0.002	0.003	0.001	0.003	0.002	0.007	0.008	0.003	0.011
442.00	-0.001	0.006	0.002	0.003	0.002	0.003	0.002	0.007	0.008	0.003	0.012
443.00	-0.001	0.006	0.002	0.003	0.001	0.003	0.002	0.007	0.008	0.003	0.011
444.00	-0.001	0.006	0.002	0.003	0.001	0.003	0.002	0.007	0.008	0.003	0.011
445.00	-0.001	0.006	0.002	0.003	0.001	0.003	0.002	0.007	0.008	0.003	0.011
446.00	-0.001	0.006	0.002	0.003	0.001	0.003	0.002	0.007	0.008	0.003	0.011
447.00	-0.001	0.006	0.002	0.003	0.001	0.003	0.002	0.007	0.008	0.003	0.011
448.00	-0.001	0.006	0.002	0.003	0.001	0.003	0.002	0.007	0.008	0.003	0.011
449.00	-0.001	0.006	0.002	0.003	0.001	0.003	0.002	0.007	0.008	0.003	0.011
450.00	-0.001	0.006	0.002	0.003	0.001	0.003	0.002	0.007	0.008	0.003	0.011
451.00	-0.001	0.006	0.002	0.003	0.001	0.003	0.002	0.007	0.008	0.003	0.011
452.00	-0.001	0.006	0.002	0.003	0.001	0.003	0.002	0.007	0.008	0.003	0.011
453.00	-0.001	0.006	0.002	0.003	0.001	0.003	0.002	0.007	0.007	0.003	0.011
454.00	-0.001	0.006	0.002	0.003	0.001	0.003	0.002	0.007	0.007	0.003	0.011
455.00	-0.001	0.006	0.002	0.003	0.001	0.003	0.002	0.007	0.007	0.002	0.011
456.00	-0.001	0.006	0.002	0.003	0.001	0.003	0.002	0.007	0.007	0.002	0.011
457.00	-0.001	0.006	0.002	0.003	0.001	0.003	0.002	0.007	0.007	0.002	0.011
458.00	-0.001	0.006	0.002	0.003	0.001	0.003	0.002	0.007	0.007	0.002	0.011
459.00	-0.001	0.006	0.002	0.003	0.001	0.003	0.002	0.007	0.007	0.002	0.011
460.00	-0.001	0.006	0.002	0.003	0.001	0.003	0.002	0.007	0.007	0.002	0.011
461.00	-0.001	0.006	0.002	0.003	0.001	0.003	0.002	0.007	0.007	0.002	0.011
462.00	-0.001	0.005	0.002	0.003	0.001	0.003	0.002	0.007	0.007	0.002	0.011
463.00	-0.001	0.005	0.002	0.003	0.001	0.003	0.002	0.007	0.007	0.002	0.011
464.00	-0.001	0.005	0.002	0.003	0.001	0.002	0.002	0.007	0.007	0.002	0.011
465.00	-0.001	0.005	0.002	0.003	0.001	0.002	0.002	0.007	0.007	0.002	0.011
466.00	-0.001	0.005	0.002	0.003	0.001	0.003	0.002	0.007	0.007	0.002	0.011
467.00	-0.001	0.005	0.002	0.003	0.001	0.002	0.002	0.007	0.007	0.002	0.011
468.00	-0.001	0.005	0.002	0.003	0.001	0.002	0.002	0.007	0.007	0.002	0.011
469.00	-0.001	0.005	0.002	0.003	0.001	0.002	0.002	0.007	0.007	0.002	0.011
470.00	-0.001	0.005	0.002	0.003	0.001	0.002	0.002	0.007	0.007	0.002	0.011
471.00	-0.001	0.005	0.002	0.003	0.001	0.002	0.002	0.007	0.007	0.002	0.011
472.00	-0.001	0.005	0.002	0.003	0.001	0.002	0.002	0.007	0.007	0.002	0.011
473.00	-0.001	0.005	0.002	0.003	0.001	0.003	0.002	0.007	0.007	0.002	0.011
474.00	-0.001	0.005	0.002	0.003	0.001	0.003	0.002	0.007	0.007	0.002	0.011
475.00	-0.001	0.005	0.002	0.003	0.001	0.002	0.002	0.007	0.007	0.002	0.011
476.00	-0.001	0.005	0.002	0.003	0.001	0.002	0.002	0.007	0.007	0.002	0.010
477.00	-0.001	0.005	0.002	0.003	0.001	0.002	0.002	0.007	0.007	0.002	0.011
478.00	-0.001	0.005	0.002	0.002	0.001	0.002	0.002	0.007	0.007	0.002	0.010
479.00	-0.001	0.005	0.002	0.003	0.001	0.002	0.002	0.007	0.007	0.002	0.010
480.00	-0.001	0.005	0.002	0.002	0.001	0.002	0.002	0.007	0.007	0.002	0.010
481.00	-0.001	0.005	0.001	0.002	0.001	0.002	0.002	0.007	0.007	0.002	0.010
482.00	-0.001	0.005	0.001	0.002	0.001	0.002	0.002	0.007	0.007	0.002	0.010
483.00	-0.001	0.005	0.001	0.002	0.001	0.002	0.002	0.007	0.006	0.002	0.010
484.00	-0.001	0.005	0.001	0.002	0.001	0.002	0.002	0.007	0.006	0.002	0.010
485.00	-0.001	0.005	0.002	0.003	0.001	0.002	0.002	0.007	0.006	0.002	0.010
486.00	-0.001	0.005	0.001	0.002	0.001	0.002	0.002	0.007	0.006	0.002	0.010
487.00	-0.001	0.005	0.002	0.003	0.001	0.002	0.002	0.007	0.006	0.002	0.010
488.00	-0.000	0.005	0.001	0.003	0.001	0.002	0.002	0.007	0.006	0.002	0.010
489.00	-0.001	0.005	0.001	0.002	0.001	0.002	0.002	0.007	0.006	0.002	0.010
490.00	-0.001	0.005	0.001	0.002	0.001	0.002	0.002	0.007	0.006	0.002	0.010
491.00	-0.001	0.005	0.001	0.002	0.001	0.002	0.002	0.007	0.006	0.002	0.010
492.00	-0.001	0.005	0.001	0.002	0.001	0.002	0.002	0.007	0.006	0.002	0.010
493.00	-0.000	0.005	0.001	0.002	0.001	0.002	0.002	0.007	0.006	0.002	0.010
494.00	-0.000	0.005	0.001	0.002	0.001	0.002	0.002	0.007	0.006	0.002	0.010
495.00	-0.000	0.005	0.001	0.002	0.001	0.002	0.002	0.007	0.006	0.002	0.010
496.00	-0.000	0.005	0.001	0.002	0.001	0.002	0.002	0.007	0.006	0.002	0.010
497.00	-0.000	0.005	0.001	0.002	0.001	0.002	0.002	0.007	0.006	0.002	0.010
498.00	-0.000	0.005	0.001	0.002	0.001	0.002	0.002	0.007	0.006	0.002	0.010
499.00	-0.000	0.005	0.001	0.002	0.001	0.002	0.002	0.007	0.006	0.002	0.010
500.00	-0.000	0.005	0.001	0.002	0.001	0.002	0.002	0.007	0.006	0.002	0.010
501.00	-0.000	0.005	0.002	0.002	0.001	0.002	0.002	0.007	0.006	0.002	0.010
502.00	-0.000	0.005	0.001	0.002	0.001	0.002	0.002	0.007	0.006	0.002	0.010
503.00	-0.000	0.005	0.001	0.002	0.001	0.002	0.002	0.007	0.006	0.002	0.010
504.00	-0.000	0.005	0.001	0.002	0.001	0.002	0.002	0.007	0.006	0.002	0.010
505.00	-0.000	0.005	0.001	0.002	0.001	0.002	0.002	0.007	0.006	0.002	0.010
506.00	-0.000	0.005	0.002	0.002	0.001	0.002	0.002	0.007	0.006	0.002	0.010
507.00	-0.000	0.005	0.002	0.002	0.001	0.002	0.002	0.007	0.006	0.002	0.010
508.00	-0.000	0.005	0.001	0.002	0.001	0.002	0.002	0.007	0.006	0.002	0.010
509.00	-0.000	0.005	0.001	0.002	0.001	0.002	0.002	0.007	0.006	0.002	0.010
510.00	-0.000	0.005	0.001	0.002	0.001	0.002	0.002	0.007	0.006	0.002	0.010
511.00	-0.000	0.005	0.001	0.002	0.001	0.002	0.002	0.007	0.006	0.002	0.010
512.00	-0.000	0.005	0.001	0.002	0.001	0.002	0.002	0.007	0.006	0.002	0.010
513.00	-0.000	0.005	0.001	0.002	0.001	0.002	0.002	0.007	0.006	0.002	0.010
514.00	-0.000	0.005	0.001	0.002	0.001	0.002	0.002	0.007	0.006	0.002	0.010
515.00	-0.000	0.005	0.001	0.002	0.001	0.002	0.002	0.007	0.006	0.002	0.010
516.00	-0.000	0.005	0.001	0.002	0.001	0.002	0.002	0.007	0.006	0.002	0.010
517.00	-0.000	0.005	0.001	0.002	0.001	0.002	0.002	0.007	0.006	0.002	0.010
518.00	-0.000	0.005	0.001	0.002	0.001	0.002	0.002	0.007	0.006	0.002	0.010
519.00	-0.000	0.005	0.001	0.002	0.001	0.002	0.002	0.007	0.006	0.002	0.010
520.00	-0.000	0.005	0.001	0.002	0.001	0.002	0.002	0.007	0.006	0.002	0.010
521.00	-0.000	0.005	0.001	0.002	0.001	0.002	0.002	0.007	0.006	0.002	0.010
522.00	-0.000	0.005	0.001	0.002	0.001	0.002	0.002	0.007	0.006	0.002	0.010
523.00	-0.000	0.005	0.001	0.002	0.001	0.002	0.002	0.007	0.006	0.002	0.010
524.00	-0.000	0.005	0.001	0.002	0.001	0.002	0.001	0.007	0.006	0.002	0.010
525.00	-0.000	0.005	0.001	0.002	0.001	0.002	0.001	0.007	0.006	0.002	0.010
526.00	-0.000	0.005	0.001	0.002	0.001	0.002	0.002	0.007	0.006	0.002	0.010
527.00	-0.000	0.005	0.001	0.002	0.001	0.002	0.002	0.007	0.006	0.002	0.010
528.00	-0.000	0.005	0.001	0.002	0.001	0.002	0.002	0.007	0.006	0.002	0.010
529.00	-0.000	0.005	0.001	0.002	0.001	0.002	0.001	0.007	0.006	0.002	0.010
530.00	-0.000	0.005	0.001	0.002	0.001	0.002	0.002	0.007	0.006	0.002	0.010
531.00	-0.000	0.005	0.001	0.002	0.001	0.002	0.001	0.007	0.006	0.002	0.009
532.00	-0.000	0.005	0.001	0.002	0.001	0.002	0.001	0.007	0.006	0.002	0.009
533.00	-0.000	0.005	0.001	0.002	0.001	0.002	0.001	0.007	0.006	0.002	0.009
534.00	-0.000	0.005	0.001	0.002	0.001	0.002	0.001	0.007	0.006	0.002	0.009
535.00	0.000	0.005	0.001	0.002	0.001	0.002	0.002	0.007	0.006	0.002	0.010
536.00	0.001	0.006	0.002	0.003	0.002	0.003	0.003	0.008	0.007	0.003	0.011
537.00	0.000	0.005	0.002	0.002	0.001	0.002	0.002	0.007	0.006	0.002	0.010
538.00	-0.000	0.005	0.001	0.002	0.001	0.002	0.001	0.007	0.006	0.002	0.009
539.00	-0.000	0.005	0.001	0.002	0.001	0.002	0.002	0.007	0.006	0.002	0.009
540.00	-0.000	0.005	0.001	0.002	0.001	0.002	0.002	0.007	0.006	0.002	0.009
541.00	-0.000	0.005	0.001	0.002	0.001	0.002	0.001	0.007	0.006	0.002	0.009
542.00	-0.000	0.005	0.001	0.002	0.001	0.002	0.001	0.007	0.006	0.002	0.009
543.00	-0.000	0.005	0.001	0.002	0.001	0.002	0.001	0.007	0.006	0.002	0.009
544.00	-0.000	0.005	0.001	0.002	0.001	0.002	0.001	0.007	0.006	0.002	0.009
545.00	-0.000	0.005	0.001	0.002	0.001	0.002	0.001	0.007	0.006	0.002	0.009
546.00	-0.000	0.005	0.001	0.002	0.001	0.002	0.001	0.007	0.005	0.002	0.009
547.00	-0.000	0.005	0.001	0.002	0.001	0.002	0.001	0.007	0.005	0.002	0.009
548.00	-0.000	0.005	0.001	0.002	0.001	0.002	0.001	0.007	0.005	0.001	0.009
549.00	-0.000	0.005	0.001	0.002	0.001	0.002	0.001	0.007	0.005	0.001	0.009
550.00	-0.000	0.005	0.001	0.002	0.001	0.002	0.001	0.007	0.005	0.001	0.009
551.00	-0.000	0.004	0.001	0.002	0.000	0.002	0.001	0.007	0.005	0.001	0.009
552.00	-0.000	0.004	0.001	0.002	0.001	0.002	0.001	0.007	0.005	0.001	0.009
553.00	-0.000	0.004	0.001	0.002	0.001	0.002	0.001	0.007	0.005	0.001	0.009
554.00	-0.000	0.004	0.001	0.002	0.001	0.002	0.001	0.007	0.005	0.001	0.009
555.00	-0.000	0.004	0.001	0.002	0.001	0.002	0.001	0.007	0.005	0.001	0.009
556.00	-0.000	0.004	0.001	0.002	0.001	0.002	0.001	0.007	0.005	0.001	0.009
557.00	-0.000	0.004	0.001	0.002	0.001	0.002	0.001	0.007	0.005	0.001	0.009
558.00	-0.000	0.004	0.001	0.002	0.001	0.002	0.001	0.007	0.005	0.001	0.009
559.00	-0.000	0.004	0.001	0.002	0.001	0.002	0.001	0.007	0.005	0.001	0.009
560.00	-0.000	0.004	0.001	0.002	0.001	0.002	0.001	0.007	0.005	0.001	0.009
561.00	-0.000	0.004	0.001	0.002	0.001	0.002	0.001	0.007	0.005	0.001	0.009
562.00	-0.000	0.004	0.001	0.002	0.000	0.002	0.001	0.007	0.005	0.001	0.009
563.00	-0.000	0.004	0.001	0.002	0.000	0.002	0.001	0.006	0.005	0.001	0.009
564.00	-0.000	0.004	0.001	0.002	0.001	0.002	0.001	0.007	0.005	0.001	0.009
565.00	-0.000	0.004	0.001	0.002	0.001	0.002	0.001	0.007	0.005	0.001	0.009
566.00	-0.000	0.004	0.001	0.002	0.001	0.002	0.001	0.007	0.005	0.001	0.009
567.00	-0.000	0.004	0.001	0.002	0.001	0.002	0.001	0.007	0.005	0.001	0.009
568.00	-0.000	0.004	0.001	0.002	0.001	0.002	0.001	0.007	0.005	0.001	0.009
569.00	-0.000	0.004	0.001	0.002	0.001	0.002	0.001	0.007	0.005	0.001	0.009
570.00	-0.000	0.004	0.001	0.002	0.001	0.002	0.001	0.007	0.005	0.001	0.009
571.00	-0.000	0.004	0.001	0.002	0.001	0.002	0.001	0.007	0.005	0.001	0.009
572.00	-0.000	0.004	0.001	0.002	0.000	0.002	0.001	0.007	0.005	0.001	0.009
573.00	-0.000	0.004	0.001	0.002	0.000	0.002	0.001	0.007	0.005	0.001	0.009
574.00	-0.000	0.004	0.001	0.002	0.000	0.002	0.001	0.007	0.005	0.001	0.009
575.00	-0.000	0.004	0.001	0.002	0.000	0.002	0.001	0.007	0.005	0.001	0.009
576.00	-0.000	0.004	0.001	0.002	0.000	0.002	0.001	0.007	0.005	0.001	0.009
577.00	-0.000	0.004	0.001	0.002	0.000	0.002	0.001	0.007	0.005	0.001	0.009
578.00	-0.000	0.004	0.001	0.002	0.000	0.002	0.001	0.007	0.005	0.001	0.009
579.00	-0.000	0.004	0.001	0.002	0.000	0.002	0.001	0.007	0.005	0.001	0.009
580.00	-0.000	0.004	0.001	0.002	0.001	0.002	0.001	0.007	0.005	0.001	0.009
581.00	-0.000	0.004	0.001	0.002	0.001	0.002	0.001	0.007	0.005	0.001	0.009
582.00	-0.000	0.004	0.001	0.002	0.001	0.002	0.001	0.007	0.005	0.001	0.009
583.00	-0.000	0.004	0.001	0.002	0.000	0.001	0.001	0.007	0.005	0.001	0.009
584.00	-0.000	0.004	0.001	0.002	0.000	0.001	0.001	0.007	0.005	0.001	0.009
585.00	-0.000	0.004	0.001	0.002	0.000	0.002	0.001	0.007	0.005	0.001	0.009
586.00	-0.000	0.004	0.001	0.002	0.000	0.001	0.001	0.007	0.005	0.001	0.009
587.00	-0.000	0.004	0.001	0.002	0.000	0.001	0.001	0.007	0.005	0.001	0.009
588.00	-0.000	0.004	0.001	0.002	0.000	0.001	0.001	0.007	0.005	0.001	0.009
589.00	-0.000	0.004	0.001	0.002	0.000	0.002	0.001	0.007	0.005	0.001	0.009
590.00	-0.000	0.004	0.001	0.002	0.000	0.001	0.001	0.007	0.005	0.001	0.009
591.00	-0.000	0.004	0.001	0.002	0.000	0.001	0.001	0.007	0.005	0.001	0.009
592.00	-0.000	0.004	0.001	0.002	0.000	0.001	0.001	0.007	0.005	0.001	0.009
593.00	-0.000	0.004	0.001	0.002	0.000	0.001	0.001	0.007	0.005	0.001	0.009
594.00	-0.000	0.004	0.001	0.002	0.000	0.001	0.001	0.007	0.005	0.001	0.009
595.00	-0.000	0.004	0.001	0.002	0.000	0.001	0.001	0.007	0.005	0.001	0.009
596.00	-0.000	0.004	0.001	0.002	0.001	0.002	0.001	0.007	0.005	0.001	0.009
597.00	-0.000	0.004	0.001	0.002	0.000	0.001	0.001	0.007	0.005	0.001	0.009
598.00	-0.000	0.004	0.001	0.002	0.000	0.001	0.001	0.007	0.005	0.001	0.009
599.00	-0.000	0.004	0.001	0.002	0.000	0.001	0.001	0.007	0.005	0.001	0.009
600.00	-0.000	0.004	0.001	0.002	0.000	0.001	0.001	0.007	0.005	0.001	0.009
601.00	-0.000	0.004	0.001	0.002	0.000	0.001	0.001	0.007	0.005	0.001	0.009
602.00	-0.000	0.004	0.001	0.002	0.000	0.001	0.001	0.007	0.005	0.001	0.009
603.00	-0.000	0.004	0.001	0.002	0.000	0.001	0.001	0.007	0.005	0.001	0.009
604.00	-0.000	0.004	0.001	0.002	0.000	0.001	0.001	0.007	0.005	0.001	0.009
605.00	-0.000	0.004	0.001	0.001	0.000	0.001	0.001	0.007	0.005	0.001	0.009
606.00	-0.000	0.004	0.001	0.001	0.000	0.001	0.001	0.007	0.005	0.001	0.009
607.00	-0.000	0.004	0.001	0.002	0.000	0.001	0.001	0.007	0.005	0.001	0.009
608.00	-0.000	0.004	0.001	0.002	0.000	0.001	0.001	0.007	0.004	0.001	0.009
609.00	-0.000	0.004	0.001	0.002	0.000	0.001	0.001	0.007	0.004	0.001	0.009
610.00	-0.000	0.004	0.001	0.002	0.000	0.001	0.001	0.007	0.004	0.001	0.009
611.00	-0.000	0.004	0.001	0.002	0.000	0.001	0.001	0.007	0.005	0.001	0.009
612.00	-0.000	0.004	0.001	0.001	0.000	0.001	0.001	0.007	0.004	0.001	0.009
613.00	-0.000	0.004	0.001	0.002	0.000	0.001	0.001	0.007	0.005	0.001	0.008
614.00	-0.000	0.004	0.001	0.001	0.000	0.001	0.001	0.007	0.005	0.001	0.009
615.00	-0.000	0.004	0.001	0.001	0.000	0.001	0.001	0.007	0.004	0.001	0.009
616.00	-0.000	0.004	0.001	0.001	0.000	0.001	0.001	0.007	0.004	0.001	0.008
617.00	-0.000	0.004	0.001	0.001	0.000	0.001	0.001	0.007	0.004	0.001	0.008
618.00	-0.000	0.004	0.001	0.001	0.000	0.001	0.001	0.007	0.004	0.001	0.008
619.00	-0.000	0.004	0.001	0.001	0.000	0.001	0.001	0.007	0.004	0.001	0.008
620.00	-0.000	0.004	0.001	0.001	0.000	0.001	0.001	0.007	0.004	0.001	0.008
621.00	-0.000	0.004	0.001	0.001	0.000	0.001	0.001	0.007	0.004	0.001	0.008
622.00	-0.000	0.004	0.001	0.001	0.000	0.001	0.001	0.007	0.004	0.001	0.008
623.00	-0.000	0.004	0.001	0.001	0.000	0.001	0.001	0.007	0.004	0.001	0.008
624.00	-0.000	0.004	0.001	0.001	0.000	0.001	0.001	0.007	0.004	0.001	0.008
625.00	-0.000	0.004	0.001	0.001	0.000	0.001	0.001	0.007	0.004	0.001	0.008
626.00	-0.000	0.004	0.001	0.001	0.000	0.001	0.001	0.007	0.004	0.001	0.008
627.00	-0.000	0.004	0.001	0.001	0.000	0.001	0.001	0.007	0.004	0.001	0.008
628.00	-0.000	0.004	0.001	0.001	0.000	0.001	0.001	0.007	0.004	0.001	0.008
629.00	-0.000	0.004	0.001	0.001	0.000	0.001	0.001	0.007	0.004	0.001	0.008
630.00	-0.000	0.004	0.001	0.001	0.000	0.001	0.001	0.007	0.004	0.001	0.008
631.00	-0.000	0.004	0.001	0.001	0.000	0.001	0.001	0.007	0.004	0.001	0.008
632.00	-0.000	0.004	0.001	0.001	0.000	0.001	0.001	0.007	0.004	0.001	0.008
633.00	-0.000	0.004	0.001	0.001	0.000	0.001	0.001	0.007	0.004	0.001	0.008
634.00	-0.000	0.004	0.001	0.001	0.000	0.001	0.001	0.007	0.004	0.001	0.008
635.00	-0.000	0.004	0.001	0.001	0.000	0.001	0.001	0.007	0.004	0.001	0.008
636.00	-0.000	0.004	0.001	0.001	0.000	0.001	0.001	0.007	0.004	0.001	0.008
637.00	-0.000	0.004	0.001	0.001	0.000	0.001	0.001	0.007	0.004	0.001	0.008
638.00	-0.000	0.004	0.001	0.001	0.000	0.001	0.001	0.007	0.004	0.001	0.008
639.00	-0.000	0.004	0.001	0.001	0.000	0.001	0.001	0.007	0.004	0.001	0.008
640.00	-0.000	0.004	0.001	0.001	0.000	0.001	0.001	0.007	0.004	0.001	0.008
641.00	-0.000	0.004	0.001	0.001	0.000	0.001	0.001	0.007	0.004	0.001	0.008
642.00	-0.000	0.004	0.001	0.001	0.000	0.001	0.001	0.007	0.004	0.001	0.008
643.00	-0.000	0.004	0.001	0.001	0.000	0.001	0.001	0.007	0.004	0.001	0.008
644.00	-0.000	0.004	0.001	0.001	0.000	0.001	0.001	0.007	0.004	0.001	0.008
645.00	-0.000	0.004	0.001	0.001	0.000	0.001	0.001	0.007	0.004	0.001	0.008
646.00	-0.000	0.004	0.001	0.001	0.000	0.001	0.001	0.007	0.004	0.001	0.008
647.00	-0.000	0.004	0.001	0.001	0.000	0.001	0.001	0.007	0.004	0.001	0.008
648.00	-0.000	0.004	0.001	0.001	0.000	0.001	0.001	0.007	0.004	0.001	0.008
649.00	0.000	0.004	0.001	0.001	0.000	0.001	0.001	0.007	0.004	0.001	0.008
650.00	0.000	0.004	0.001	0.001	0.001	0.001	0.001	0.007	0.004	0.001	0.008
651.00	0.000	0.004	0.001	0.001	0.000	0.001	0.001	0.007	0.004	0.001	0.008
652.00	0.000	0.004	0.001	0.001	0.001	0.001	0.001	0.007	0.004	0.001	0.008
653.00	0.000	0.004	0.001	0.001	0.000	0.001	0.001	0.007	0.004	0.001	0.008
654.00	0.000	0.004	0.001	0.001	0.000	0.001	0.001	0.007	0.004	0.001	0.008
655.00	0.000	0.004	0.001	0.001	0.001	0.002	0.001	0.007	0.004	0.001	0.008
656.00	0.000	0.004	0.001	0.001	0.000	0.001	0.001	0.007	0.004	0.001	0.008
657.00	0.000	0.004	0.001	0.001	0.000	0.001	0.001	0.007	0.004	0.001	0.008
658.00	0.000	0.004	0.001	0.001	0.000	0.001	0.001	0.007	0.004	0.001	0.008
659.00	0.000	0.004	0.001	0.001	0.000	0.001	0.001	0.007	0.004	0.001	0.008
660.00	0.000	0.004	0.001	0.001	0.000	0.001	0.001	0.007	0.004	0.001	0.008
661.00	0.000	0.004	0.001	0.001	0.001	0.001	0.001	0.007	0.004	0.001	0.008
662.00	0.000	0.004	0.001	0.001	0.001	0.001	0.001	0.007	0.004	0.001	0.008
663.00	0.000	0.004	0.001	0.001	0.001	0.001	0.001	0.007	0.004	0.001	0.008
664.00	0.000	0.004	0.001	0.001	0.001	0.001	0.001	0.007	0.004	0.001	0.008
665.00	0.000	0.004	0.001	0.001	0.001	0.001	0.001	0.007	0.004	0.001	0.008
666.00	0.000	0.004	0.001	0.001	0.000	0.001	0.001	0.007	0.004	0.001	0.008
667.00	0.000	0.004	0.001	0.001	0.000	0.001	0.001	0.007	0.004	0.001	0.008
668.00	0.000	0.004	0.001	0.001	0.000	0.001	0.001	0.007	0.004	0.001	0.008
669.00	0.000	0.004	0.001	0.001	0.000	0.001	0.001	0.007	0.004	0.001	0.008
670.00	0.000	0.004	0.001	0.001	0.000	0.001	0.001	0.007	0.004	0.001	0.008
671.00	0.000	0.004	0.001	0.001	0.000	0.001	0.001	0.007	0.004	0.001	0.008
672.00	0.000	0.004	0.001	0.001	0.000	0.001	0.001	0.007	0.004	0.001	0.008
673.00	0.000	0.004	0.001	0.001	0.000	0.001	0.001	0.007	0.004	0.001	0.008
674.00	0.000	0.004	0.001	0.001	0.000	0.001	0.001	0.007	0.004	0.001	0.008
675.00	0.000	0.004	0.001	0.001	0.000	0.001	0.001	0.007	0.004	0.001	0.008
676.00	0.000	0.004	0.001	0.001	0.001	0.001	0.001	0.007	0.004	0.001	0.008
677.00	-0.000	0.003	0.001	0.001	0.000	0.001	0.001	0.007	0.004	0.001	0.008
678.00	0.000	0.003	0.001	0.001	0.000	0.001	0.001	0.007	0.004	0.001	0.008
679.00	0.000	0.003	0.001	0.001	0.000	0.001	0.001	0.007	0.004	0.001	0.008
680.00	0.000	0.004	0.001	0.001	0.000	0.001	0.001	0.007	0.004	0.001	0.008
681.00	0.000	0.004	0.001	0.001	0.000	0.001	0.001	0.007	0.004	0.001	0.008
682.00	0.000	0.004	0.001	0.001	0.000	0.001	0.001	0.007	0.004	0.001	0.008
683.00	0.000	0.004	0.001	0.001	0.000	0.001	0.001	0.007	0.004	0.001	0.008
684.00	0.000	0.004	0.001	0.001	0.000	0.001	0.001	0.007	0.004	0.001	0.008
685.00	0.000	0.004	0.001	0.001	0.000	0.001	0.001	0.007	0.004	0.001	0.008
686.00	0.000	0.003	0.001	0.001	0.000	0.001	0.001	0.007	0.004	0.001	0.008
687.00	0.000	0.004	0.001	0.001	0.000	0.001	0.001	0.007	0.004	0.001	0.008
688.00	0.000	0.003	0.001	0.001	0.000	0.001	0.001	0.007	0.004	0.001	0.008
689.00	0.000	0.003	0.001	0.001	0.000	0.001	0.001	0.007	0.004	0.001	0.008
690.00	0.000	0.003	0.001	0.001	0.000	0.001	0.001	0.007	0.004	0.001	0.008
691.00	0.000	0.003	0.001	0.001	0.000	0.001	0.001	0.007	0.004	0.001	0.008
692.00	0.000	0.003	0.001	0.001	0.000	0.001	0.001	0.007	0.004	0.001	0.008
693.00	0.000	0.003	0.001	0.001	0.000	0.001	0.001	0.007	0.004	0.001	0.008
694.00	0.000	0.003	0.001	0.001	0.000	0.001	0.001	0.007	0.004	0.001	0.008
695.00	0.000	0.003	0.001	0.001	0.000	0.001	0.001	0.007	0.004	0.001	0.008
696.00	0.000	0.003	0.001	0.001	0.000	0.001	0.001	0.007	0.004	0.001	0.008
697.00	-0.000	0.003	0.001	0.001	0.000	0.001	0.001	0.007	0.004	0.001	0.008
698.00	-0.000	0.003	0.001	0.001	0.000	0.001	0.001	0.007	0.004	0.001	0.008
699.00	-0.000	0.003	0.001	0.001	0.000	0.001	0.001	0.007	0.004	0.001	0.008
700.00	-0.000	0.003	0.001	0.001	0.000	0.001	0.001	0.007	0.004	0.001	0.008
701.00	0.000	0.003	0.001	0.001	0.000	0.001	0.001	0.007	0.004	0.001	0.008
702.00	0.000	0.003	0.001	0.001	0.000	0.001	0.001	0.007	0.004	0.001	0.008
703.00	-0.000	0.003	0.001	0.001	0.000	0.001	0.001	0.007	0.004	0.001	0.008
704.00	0.000	0.003	0.001	0.001	0.000	0.001	0.001	0.007	0.004	0.001	0.008
705.00	0.000	0.003	0.001	0.001	0.000	0.001	0.001	0.007	0.004	0.001	0.008
706.00	0.000	0.003	0.001	0.001	0.000	0.001	0.001	0.007	0.004	0.001	0.008
707.00	-0.000	0.003	0.001	0.001	0.000	0.001	0.001	0.007	0.004	0.001	0.008
708.00	-0.000	0.003	0.001	0.001	0.000	0.001	0.001	0.007	0.004	0.001	0.008
709.00	-0.000	0.003	0.001	0.001	0.000	0.001	0.001	0.007	0.004	0.001	0.008
710.00	-0.000	0.003	0.001	0.001	0.000	0.001	0.001	0.007	0.004	0.001	0.008
711.00	-0.000	0.003	0.001	0.001	0.000	0.001	0.001	0.007	0.004	0.001	0.008
712.00	-0.000	0.003	0.001	0.001	0.000	0.001	0.001	0.007	0.004	0.001	0.007
713.00	0.000	0.003	0.001	0.001	0.000	0.001	0.001	0.007	0.004	0.001	0.007
714.00	0.000	0.003	0.001	0.001	0.000	0.001	0.001	0.007	0.004	0.001	0.008
715.00	-0.000	0.003	0.001	0.001	0.000	0.001	0.001	0.007	0.004	0.001	0.007
716.00	0.000	0.003	0.001	0.001	0.000	0.001	0.001	0.007	0.004	0.001	0.008
717.00	-0.000	0.003	0.001	0.001	0.000	0.001	0.001	0.007	0.004	0.001	0.007
718.00	0.000	0.003	0.001	0.001	0.000	0.001	0.001	0.007	0.004	0.001	0.007
719.00	-0.000	0.003	0.001	0.001	0.000	0.001	0.001	0.007	0.004	0.001	0.007
720.00	-0.000	0.003	0.001	0.001	0.000	0.001	0.001	0.007	0.004	0.001	0.007
721.00	-0.000	0.003	0.001	0.001	0.000	0.001	0.001	0.007	0.004	0.001	0.007
722.00	-0.000	0.003	0.001	0.001	0.000	0.001	0.001	0.007	0.004	0.001	0.007
723.00	-0.000	0.003	0.001	0.001	0.000	0.001	0.001	0.007	0.004	0.001	0.007
724.00	-0.000	0.003	0.001	0.001	0.000	0.001	0.001	0.007	0.004	0.001	0.007
725.00	-0.000	0.003	0.001	0.001	0.000	0.001	0.001	0.007	0.004	0.001	0.007
726.00	-0.000	0.003	0.001	0.001	0.000	0.001	0.001	0.007	0.004	0.001	0.007
727.00	-0.000	0.003	0.001	0.001	0.000	0.001	0.001	0.007	0.004	0.001	0.007
728.00	-0.000	0.003	0.001	0.001	0.000	0.001	0.001	0.007	0.004	0.001	0.007
729.00	-0.000	0.003	0.001	0.001	0.000	0.001	0.001	0.007	0.004	0.001	0.007
730.00	-0.000	0.003	0.001	0.001	0.000	0.001	0.001	0.007	0.004	0.001	0.007
731.00	-0.000	0.003	0.001	0.001	0.000	0.001	0.001	0.007	0.004	0.001	0.007
732.00	-0.000	0.003	0.001	0.001	0.000	0.001	0.001	0.007	0.003	0.001	0.007
733.00	-0.000	0.003	0.001	0.001	0.000	0.001	0.001	0.007	0.003	0.001	0.007
734.00	-0.000	0.003	0.001	0.001	0.000	0.001	0.001	0.007	0.003	0.001	0.007
735.00	-0.000	0.003	0.001	0.001	0.000	0.001	0.001	0.007	0.003	0.001	0.007
736.00	-0.000	0.003	0.001	0.001	0.000	0.001	0.001	0.007	0.003	0.001	0.007
737.00	-0.000	0.003	0.001	0.001	0.000	0.001	0.001	0.007	0.003	0.001	0.007
738.00	-0.000	0.003	0.001	0.001	0.000	0.001	0.001	0.007	0.003	0.001	0.007
739.00	-0.000	0.003	0.001	0.001	0.000	0.001	0.001	0.007	0.003	0.001	0.007
740.00	-0.000	0.003	0.001	0.001	0.000	0.001	0.001	0.007	0.003	0.001	0.007
741.00	-0.000	0.003	0.001	0.001	0.000	0.001	0.001	0.007	0.003	0.001	0.007
742.00	-0.000	0.003	0.001	0.001	0.000	0.001	0.001	0.007	0.003	0.001	0.007
743.00	-0.000	0.003	0.001	0.001	0.000	0.001	0.001	0.007	0.003	0.001	0.007
744.00	-0.000	0.003	0.001	0.001	0.000	0.001	0.001	0.007	0.003	0.001	0.007
745.00	-0.000	0.003	0.001	0.001	0.000	0.001	0.001	0.007	0.003	0.001	0.007
746.00	-0.000	0.003	0.001	0.001	0.000	0.001	0.001	0.007	0.003	0.001	0.007
747.00	-0.000	0.003	0.001	0.001	0.000	0.001	0.001	0.007	0.003	0.001	0.007
748.00	-0.000	0.003	0.001	0.001	0.000	0.001	0.001	0.007	0.003	0.001	0.007
749.00	-0.000	0.003	0.001	0.001	0.000	0.001	0.001	0.007	0.003	0.001	0.007
750.00	-0.000	0.003	0.001	0.001	-0.000	0.001	0.001	0.007	0.003	0.001	0.007
751.00	-0.000	0.003	0.001	0.001	0.000	0.001	0.001	0.007	0.003	0.001	0.007
752.00	-0.000	0.003	0.001	0.001	0.000	0.001	0.001	0.007	0.003	0.001	0.007
753.00	-0.000	0.003	0.001	0.001	0.000	0.001	0.001	0.007	0.003	0.001	0.007
754.00	-0.000	0.003	0.001	0.001	0.000	0.001	0.001	0.007	0.003	0.001	0.007
755.00	-0.000	0.003	0.001	0.001	0.000	0.001	0.001	0.007	0.003	0.001	0.007
756.00	-0.000	0.003	0.001	0.001	0.000	0.001	0.001	0.007	0.003	0.001	0.007
757.00	-0.000	0.003	0.001	0.001	0.000	0.001	0.001	0.007	0.003	0.001	0.007
758.00	-0.000	0.003	0.001	0.001	0.000	0.001	0.001	0.007	0.003	0.001	0.007
759.00	-0.000	0.003	0.001	0.001	0.000	0.001	0.001	0.007	0.004	0.001	0.007
760.00	0.001	0.004	0.002	0.002	0.001	0.002	0.002	0.008	0.005	0.002	0.008
761.00	0.000	0.003	0.001	0.001	0.000	0.001	0.001	0.007	0.004	0.001	0.007
762.00	-0.000	0.003	0.001	0.001	0.000	0.001	0.001	0.007	0.003	0.001	0.007
763.00	-0.000	0.003	0.001	0.001	-0.000	0.001	0.001	0.007	0.003	0.001	0.007
764.00	-0.000	0.003	0.001	0.001	0.000	0.001	0.001	0.007	0.003	0.001	0.007
765.00	-0.000	0.003	0.001	0.001	-0.000	0.001	0.001	0.007	0.003	0.001	0.007
766.00	-0.000	0.003	0.001	0.001	0.000	0.001	0.001	0.007	0.003	0.001	0.007
767.00	-0.000	0.003	0.001	0.001	0.000	0.001	0.001	0.007	0.003	0.001	0.007
768.00	-0.000	0.003	0.001	0.001	-0.000	0.001	0.001	0.007	0.003	0.001	0.007
769.00	-0.000	0.003	0.001	0.001	-0.000	0.001	0.001	0.007	0.003	0.001	0.007
770.00	-0.000	0.003	0.001	0.001	-0.000	0.001	0.001	0.007	0.003	0.001	0.007
771.00	-0.000	0.003	0.001	0.001	0.000	0.001	0.001	0.007	0.003	0.001	0.007
772.00	-0.000	0.003	0.001	0.001	0.000	0.001	0.001	0.007	0.003	0.001	0.007
773.00	-0.000	0.003	0.001	0.001	0.000	0.001	0.001	0.007	0.003	0.001	0.007
774.00	-0.000	0.003	0.001	0.001	0.000	0.001	0.001	0.007	0.003	0.001	0.007
775.00	-0.000	0.003	0.001	0.001	0.000	0.001	0.001	0.007	0.003	0.001	0.007
776.00	-0.000	0.003	0.001	0.001	0.000	0.001	0.001	0.007	0.003	0.001	0.007
777.00	-0.000	0.003	0.001	0.001	0.000	0.001	0.001	0.007	0.003	0.001	0.007
778.00	-0.000	0.003	0.001	0.001	0.000	0.001	0.001	0.007	0.003	0.001	0.007
779.00	-0.000	0.003	0.001	0.001	0.000	0.001	0.001	0.007	0.003	0.001	0.007
780.00	-0.000	0.003	0.001	0.001	0.000	0.001	0.001	0.007	0.003	0.001	0.007
781.00	-0.000	0.003	0.001	0.001	0.000	0.001	0.001	0.007	0.003	0.001	0.007
782.00	-0.000	0.003	0.001	0.001	0.000	0.001	0.001	0.007	0.003	0.001	0.007
783.00	-0.000	0.003	0.001	0.001	0.000	0.001	0.001	0.007	0.003	0.001	0.007
784.00	-0.000	0.003	0.001	0.001	0.000	0.001	0.001	0.007	0.003	0.001	0.007
785.00	-0.000	0.003	0.001	0.001	0.000	0.001	0.001	0.007	0.003	0.001	0.007
786.00	-0.000	0.003	0.001	0.001	0.000	0.001	0.001	0.007	0.003	0.001	0.007
787.00	-0.000	0.003	0.001	0.001	0.000	0.001	0.001	0.007	0.003	0.001	0.007
788.00	-0.000	0.003	0.001	0.001	0.000	0.001	0.001	0.007	0.003	0.001	0.007
789.00	-0.000	0.003	0.001	0.001	0.000	0.001	0.001	0.007	0.003	0.001	0.007
790.00	-0.000	0.003	0.001	0.001	0.000	0.001	0.001	0.007	0.003	0.001	0.007
791.00	-0.000	0.003	0.001	0.001	0.000	0.001	0.001	0.007	0.003	0.001	0.007
792.00	-0.000	0.003	0.001	0.001	0.000	0.001	0.001	0.007	0.003	0.001	0.007
793.00	-0.000	0.003	0.001	0.001	0.000	0.001	0.001	0.007	0.003	0.001	0.007
794.00	-0.000	0.003	0.001	0.001	0.000	0.001	0.001	0.007	0.003	0.001	0.007
795.00	-0.000	0.003	0.001	0.001	0.000	0.001	0.001	0.007	0.003	0.001	0.007
796.00	-0.000	0.003	0.001	0.001	0.000	0.001	0.001	0.007	0.003	0.001	0.006
797.00	-0.000	0.003	0.001	0.001	0.000	0.001	0.001	0.007	0.003	0.001	0.006
798.00	-0.000	0.003	0.001	0.001	0.000	0.001	0.001	0.007	0.003	0.001	0.006
799.00	-0.000	0.003	0.001	0.001	0.000	0.001	0.001	0.007	0.003	0.001	0.007
800.00	-0.000	0.003	0.001	0.001	0.000	0.001	0.001	0.007	0.003	0.001	0.006
801.00	-0.000	0.003	0.001	0.001	0.000	0.001	0.001	0.007	0.003	0.001	0.007
802.00	-0.000	0.003	0.001	0.001	0.000	0.001	0.001	0.007	0.003	0.001	0.007
803.00	-0.000	0.003	0.001	0.001	0.000	0.001	0.001	0.007	0.003	0.001	0.007
804.00	-0.000	0.003	0.001	0.001	0.000	0.001	0.001	0.007	0.003	0.001	0.006
805.00	-0.000	0.003	0.001	0.001	0.000	0.001	0.001	0.007	0.003	0.001	0.006
806.00	-0.000	0.003	0.001	0.001	0.000	0.001	0.001	0.007	0.003	0.001	0.006
807.00	-0.000	0.003	0.001	0.001	0.000	0.001	0.001	0.007	0.003	0.001	0.006
808.00	-0.000	0.003	0.001	0.001	0.000	0.001	0.001	0.007	0.003	0.001	0.006
809.00	-0.000	0.003	0.001	0.001	0.000	0.001	0.001	0.007	0.003	0.001	0.006
810.00	-0.000	0.003	0.001	0.001	0.000	0.001	0.001	0.007	0.003	0.001	0.006
811.00	-0.000	0.003	0.001	0.001	0.000	0.001	0.001	0.007	0.003	0.001	0.006
812.00	-0.000	0.003	0.001	0.001	0.000	0.001	0.001	0.007	0.003	0.001	0.006
813.00	-0.000	0.003	0.001	0.001	0.000	0.001	0.001	0.007	0.003	0.001	0.006
814.00	-0.000	0.003	0.001	0.001	0.000	0.001	0.001	0.007	0.003	0.001	0.006
815.00	-0.000	0.003	0.001	0.001	0.000	0.001	0.001	0.007	0.003	0.001	0.006
816.00	-0.000	0.003	0.001	0.001	0.000	0.001	0.001	0.007	0.003	0.001	0.006
817.00	-0.000	0.003	0.001	0.001	0.000	0.001	0.001	0.007	0.003	0.001	0.006
818.00	-0.000	0.003	0.001	0.001	0.000	0.001	0.001	0.007	0.003	0.001	0.006
819.00	-0.000	0.003	0.001	0.001	0.000	0.001	0.001	0.007	0.003	0.001	0.006
820.00	-0.000	0.003	0.001	0.001	0.000	0.001	0.001	0.007	0.003	0.001	0.006
821.00	-0.000	0.003	0.001	0.001	0.000	0.001	0.001	0.007	0.003	0.001	0.006
822.00	-0.000	0.003	0.001	0.001	0.000	0.001	0.001	0.007	0.003	0.001	0.006
823.00	-0.000	0.003	0.001	0.001	0.000	0.001	0.001	0.007	0.003	0.001	0.006
824.00	-0.000	0.003	0.001	0.001	0.000	0.001	0.001	0.007	0.003	0.001	0.006
825.00	0.000	0.003	0.001	0.001	0.000	0.001	0.001	0.007	0.003	0.001	0.006
826.00	0.000	0.003	0.001	0.001	0.000	0.001	0.001	0.007	0.003	0.001	0.006
827.00	0.000	0.003	0.001	0.001	0.000	0.001	0.001	0.007	0.003	0.001	0.006
828.00	0.000	0.003	0.001	0.001	0.000	0.001	0.001	0.007	0.003	0.001	0.006
829.00	-0.000	0.003	0.001	0.001	0.000	0.001	0.001	0.007	0.003	0.001	0.006
830.00	-0.000	0.003	0.001	0.001	0.000	0.001	0.001	0.007	0.003	0.001	0.006
831.00	0.000	0.003	0.001	0.001	0.000	0.001	0.001	0.007	0.003	0.001	0.006
832.00	-0.000	0.003	0.001	0.001	0.000	0.001	0.001	0.007	0.003	0.001	0.006
833.00	-0.000	0.003	0.001	0.001	0.000	0.001	0.001	0.007	0.003	0.001	0.006
834.00	-0.000	0.003	0.001	0.001	0.000	0.001	0.001	0.007	0.003	0.001	0.006
835.00	0.000	0.003	0.001	0.001	0.000	0.001	0.001	0.007	0.003	0.001	0.006
836.00	-0.000	0.003	0.001	0.001	0.000	0.001	0.001	0.007	0.003	0.001	0.006
837.00	-0.000	0.003	0.001	0.001	0.000	0.001	0.001	0.007	0.003	0.001	0.006
838.00	-0.000	0.003	0.001	0.001	0.000	0.001	0.001	0.007	0.003	0.001	0.006
839.00	-0.000	0.003	0.001	0.001	0.000	0.001	0.001	0.007	0.003	0.001	0.006
840.00	-0.000	0.003	0.001	0.001	0.000	0.001	0.001	0.007	0.003	0.001	0.006
841.00	-0.000	0.003	0.001	0.001	0.000	0.001	0.001	0.007	0.003	0.001	0.006
842.00	-0.000	0.003	0.001	0.001	0.000	0.001	0.001	0.007	0.003	0.001	0.006
843.00	-0.000	0.003	0.001	0.001	0.000	0.001	0.001	0.007	0.003	0.001	0.006
844.00	-0.000	0.003	0.001	0.001	0.000	0.001	0.001	0.007	0.003	0.001	0.006
845.00	-0.000	0.003	0.001	0.001	0.000	0.001	0.001	0.007	0.003	0.001	0.006
846.00	-0.000	0.003	0.001	0.001	0.000	0.001	0.001	0.007	0.003	0.001	0.006
847.00	-0.000	0.003	0.001	0.001	0.000	0.001	0.001	0.007	0.003	0.001	0.006
848.00	0.000	0.003	0.001	0.001	0.000	0.001	0.001	0.007	0.003	0.001	0.006
849.00	0.000	0.003	0.001	0.001	0.000	0.001	0.001	0.007	0.003	0.001	0.006
850.00	0.000	0.003	0.001	0.001	0.000	0.001	0.001	0.007	0.003	0.001	0.006
