190.00	0.043	0.233	0.353	0.358	0.238	0.363	0.303	0.354	0.358	0.382	0.202	0.272
191.00	0.038	0.221	0.326	0.333	0.225	0.334	0.289	0.327	0.331	0.370	0.188	0.252
192.00	0.036	0.211	0.299	0.307	0.214	0.307	0.277	0.300	0.305	0.357	0.177	0.233
193.00	0.033	0.199	0.270	0.282	0.202	0.279	0.264	0.273	0.278	0.341	0.165	0.214
194.00	0.031	0.189	0.248	0.259	0.192	0.258	0.253	0.251	0.257	0.328	0.154	0.199
195.00	0.029	0.179	0.227	0.239	0.182	0.238	0.242	0.230	0.236	0.315	0.145	0.184
196.00	0.028	0.170	0.210	0.222	0.174	0.221	0.232	0.214	0.219	0.303	0.138	0.171
197.00	0.026	0.162	0.194	0.206	0.165	0.206	0.221	0.198	0.204	0.291	0.130	0.159
198.00	0.024	0.154	0.181	0.192	0.157	0.192	0.212	0.185	0.191	0.279	0.123	0.148
199.00	0.023	0.147	0.170	0.181	0.151	0.181	0.204	0.174	0.180	0.268	0.117	0.140
200.00	0.022	0.141	0.160	0.171	0.145	0.171	0.196	0.164	0.170	0.258	0.112	0.132
201.00	0.020	0.134	0.150	0.161	0.138	0.161	0.187	0.155	0.161	0.247	0.106	0.124
202.00	0.018	0.129	0.142	0.153	0.132	0.154	0.180	0.147	0.153	0.237	0.102	0.118
203.00	0.017	0.123	0.136	0.146	0.127	0.147	0.173	0.140	0.147	0.228	0.098	0.112
204.00	0.016	0.118	0.130	0.140	0.122	0.141	0.166	0.134	0.141	0.219	0.094	0.107
205.00	0.015	0.113	0.124	0.134	0.117	0.135	0.160	0.128	0.135	0.210	0.090	0.102
206.00	0.014	0.110	0.120	0.129	0.113	0.130	0.154	0.123	0.130	0.202	0.087	0.099
207.00	0.014	0.106	0.116	0.125	0.109	0.126	0.149	0.120	0.126	0.196	0.085	0.095
208.00	0.013	0.102	0.112	0.120	0.106	0.121	0.144	0.116	0.122	0.189	0.082	0.092
209.00	0.012	0.099	0.108	0.116	0.102	0.117	0.139	0.112	0.118	0.183	0.079	0.089
210.00	0.012	0.096	0.105	0.113	0.099	0.113	0.135	0.109	0.114	0.177	0.077	0.086
211.00	0.011	0.092	0.102	0.109	0.096	0.109	0.131	0.105	0.110	0.172	0.075	0.084
212.00	0.011	0.090	0.099	0.106	0.093	0.106	0.127	0.102	0.107	0.167	0.073	0.082
213.00	0.010	0.087	0.096	0.103	0.090	0.102	0.123	0.099	0.104	0.163	0.071	0.080
214.00	0.010	0.085	0.093	0.100	0.088	0.099	0.120	0.097	0.100	0.158	0.069	0.078
215.00	0.010	0.083	0.091	0.098	0.085	0.096	0.117	0.094	0.098	0.154	0.068	0.076
216.00	0.009	0.081	0.088	0.095	0.083	0.093	0.114	0.092	0.095	0.151	0.066	0.075
217.00	0.009	0.079	0.086	0.093	0.081	0.090	0.111	0.090	0.092	0.148	0.065	0.073
218.00	0.009	0.077	0.084	0.091	0.079	0.088	0.109	0.088	0.089	0.145	0.064	0.072
219.00	0.009	0.075	0.082	0.089	0.078	0.085	0.107	0.086	0.087	0.142	0.063	0.071
220.00	0.008	0.074	0.080	0.087	0.076	0.082	0.105	0.084	0.084	0.139	0.062	0.070
221.00	0.008	0.072	0.078	0.085	0.074	0.080	0.103	0.082	0.082	0.137	0.061	0.069
222.00	0.008	0.071	0.077	0.084	0.073	0.078	0.101	0.081	0.080	0.134	0.060	0.068
223.00	0.008	0.070	0.075	0.082	0.072	0.076	0.100	0.079	0.078	0.132	0.059	0.067
224.00	0.008	0.068	0.073	0.080	0.070	0.074	0.098	0.078	0.076	0.130	0.058	0.066
225.00	0.008	0.067	0.072	0.079	0.069	0.072	0.096	0.076	0.074	0.128	0.057	0.066
226.00	0.008	0.066	0.071	0.077	0.068	0.070	0.095	0.075	0.073	0.126	0.057	0.065
227.00	0.007	0.065	0.069	0.076	0.067	0.068	0.093	0.074	0.071	0.124	0.056	0.064
228.00	0.007	0.064	0.068	0.074	0.066	0.067	0.091	0.072	0.069	0.122	0.055	0.063
229.00	0.007	0.063	0.066	0.073	0.064	0.065	0.090	0.071	0.068	0.120	0.054	0.062
230.00	0.007	0.061	0.065	0.072	0.063	0.064	0.088	0.070	0.066	0.118	0.053	0.061
231.00	0.007	0.061	0.064	0.070	0.062	0.063	0.087	0.069	0.065	0.116	0.053	0.060
232.00	0.007	0.059	0.063	0.069	0.061	0.061	0.085	0.067	0.063	0.114	0.052	0.059
233.00	0.007	0.058	0.062	0.068	0.060	0.060	0.084	0.066	0.062	0.113	0.051	0.059
234.00	0.006	0.058	0.061	0.067	0.059	0.059	0.083	0.065	0.061	0.111	0.051	0.058
235.00	0.006	0.057	0.060	0.066	0.058	0.058	0.082	0.064	0.060	0.109	0.050	0.057
236.00	0.006	0.056	0.059	0.065	0.058	0.057	0.081	0.063	0.059	0.108	0.050	0.057
237.00	0.006	0.055	0.058	0.064	0.057	0.056	0.080	0.062	0.058	0.106	0.049	0.056
238.00	0.006	0.055	0.057	0.063	0.056	0.055	0.079	0.061	0.057	0.105	0.049	0.056
239.00	0.006	0.054	0.056	0.062	0.056	0.054	0.078	0.060	0.056	0.104	0.048	0.055
240.00	0.006	0.053	0.055	0.061	0.055	0.053	0.077	0.059	0.055	0.103	0.048	0.055
241.00	0.006	0.052	0.055	0.061	0.054	0.053	0.076	0.059	0.055	0.102	0.047	0.054
242.00	0.006	0.052	0.054	0.060	0.054	0.052	0.076	0.058	0.054	0.101	0.047	0.054
243.00	0.006	0.051	0.053	0.059	0.053	0.051	0.075	0.057	0.053	0.100	0.046	0.054
244.00	0.006	0.051	0.053	0.058	0.052	0.051	0.074	0.057	0.053	0.099	0.046	0.053
245.00	0.006	0.050	0.052	0.058	0.052	0.050	0.073	0.056	0.052	0.098	0.046	0.053
246.00	0.005	0.050	0.051	0.057	0.051	0.050	0.072	0.055	0.052	0.097	0.045	0.052
247.00	0.005	0.049	0.051	0.057	0.051	0.049	0.072	0.055	0.051	0.096	0.044	0.052
248.00	0.005	0.049	0.050	0.056	0.050	0.049	0.071	0.054	0.051	0.095	0.044	0.052
249.00	0.005	0.048	0.050	0.055	0.050	0.048	0.071	0.054	0.050	0.094	0.044	0.052
250.00	0.005	0.048	0.049	0.055	0.049	0.048	0.070	0.053	0.050	0.094	0.044	0.051
251.00	0.005	0.047	0.049	0.055	0.049	0.047	0.070	0.053	0.049	0.093	0.043	0.051
252.00	0.005	0.047	0.048	0.054	0.049	0.047	0.069	0.052	0.049	0.092	0.043	0.051
253.00	0.005	0.046	0.048	0.054	0.048	0.046	0.068	0.051	0.048	0.092	0.043	0.050
254.00	0.005	0.046	0.048	0.053	0.048	0.046	0.068	0.051	0.048	0.091	0.042	0.050
255.00	0.004	0.046	0.047	0.053	0.048	0.046	0.067	0.051	0.047	0.090	0.042	0.050
256.00	0.005	0.046	0.047	0.052	0.047	0.046	0.067	0.050	0.047	0.090	0.042	0.050
257.00	0.004	0.045	0.046	0.052	0.047	0.045	0.066	0.050	0.047	0.089	0.042	0.050
258.00	0.005	0.045	0.046	0.052	0.047	0.045	0.066	0.050	0.046	0.089	0.042	0.050
259.00	0.005	0.045	0.046	0.051	0.046	0.044	0.066	0.049	0.046	0.088	0.041	0.049
260.00	0.004	0.044	0.045	0.051	0.046	0.044	0.065	0.049	0.045	0.087	0.041	0.049
261.00	0.004	0.044	0.045	0.050	0.046	0.043	0.064	0.048	0.045	0.087	0.041	0.049
262.00	0.004	0.044	0.044	0.050	0.046	0.043	0.064	0.048	0.045	0.086	0.041	0.049
263.00	0.004	0.044	0.044	0.049	0.045	0.043	0.064	0.047	0.044	0.085	0.041	0.049
264.00	0.004	0.043	0.044	0.049	0.045	0.042	0.063	0.047	0.044	0.085	0.040	0.048
265.00	0.004	0.043	0.043	0.049	0.044	0.042	0.063	0.046	0.043	0.084	0.040	0.048
266.00	0.004	0.042	0.042	0.048	0.044	0.041	0.062	0.046	0.043	0.083	0.040	0.048
267.00	0.004	0.042	0.042	0.047	0.043	0.041	0.062	0.045	0.042	0.082	0.039	0.047
268.00	0.004	0.041	0.042	0.047	0.043	0.040	0.061	0.045	0.042	0.082	0.039	0.047
269.00	0.004	0.041	0.041	0.046	0.043	0.040	0.061	0.044	0.041	0.081	0.039	0.047
270.00	0.004	0.041	0.040	0.045	0.042	0.039	0.060	0.043	0.041	0.080	0.039	0.047
271.00	0.004	0.040	0.040	0.045	0.042	0.039	0.059	0.043	0.040	0.079	0.038	0.046
272.00	0.004	0.040	0.040	0.044	0.042	0.038	0.059	0.042	0.040	0.079	0.038	0.046
273.00	0.004	0.039	0.039	0.044	0.041	0.038	0.058	0.042	0.039	0.078	0.037	0.046
274.00	0.004	0.039	0.038	0.043	0.041	0.037	0.058	0.041	0.039	0.077	0.037	0.045
275.00	0.004	0.038	0.038	0.042	0.040	0.037	0.057	0.041	0.038	0.076	0.037	0.045
276.00	0.004	0.038	0.037	0.042	0.040	0.036	0.056	0.040	0.037	0.076	0.036	0.045
277.00	0.004	0.037	0.036	0.041	0.039	0.035	0.056	0.039	0.037	0.074	0.036	0.044
278.00	0.004	0.037	0.036	0.040	0.038	0.035	0.055	0.038	0.036	0.074	0.036	0.044
279.00	0.004	0.036	0.035	0.039	0.038	0.034	0.054	0.038	0.035	0.073	0.035	0.044
280.00	0.004	0.036	0.035	0.039	0.037	0.034	0.054	0.037	0.035	0.072	0.035	0.043
281.00	0.004	0.035	0.034	0.038	0.037	0.033	0.053	0.037	0.034	0.071	0.035	0.043
282.00	0.004	0.035	0.033	0.038	0.036	0.033	0.052	0.036	0.034	0.070	0.034	0.043
283.00	0.004	0.034	0.033	0.037	0.036	0.032	0.052	0.035	0.033	0.069	0.034	0.042
284.00	0.004	0.033	0.032	0.036	0.035	0.031	0.051	0.035	0.032	0.069	0.033	0.042
285.00	0.004	0.033	0.031	0.035	0.035	0.031	0.050	0.034	0.032	0.067	0.033	0.041
286.00	0.004	0.032	0.031	0.035	0.034	0.030	0.049	0.033	0.031	0.067	0.032	0.041
287.00	0.004	0.032	0.030	0.034	0.034	0.030	0.049	0.033	0.031	0.066	0.032	0.041
288.00	0.004	0.031	0.030	0.034	0.033	0.029	0.049	0.032	0.030	0.065	0.032	0.040
289.00	0.004	0.031	0.029	0.033	0.032	0.028	0.048	0.031	0.030	0.064	0.031	0.040
290.00	0.003	0.030	0.029	0.032	0.032	0.028	0.047	0.031	0.029	0.063	0.031	0.040
291.00	0.004	0.030	0.028	0.032	0.032	0.028	0.047	0.030	0.029	0.063	0.031	0.039
292.00	0.003	0.029	0.027	0.031	0.031	0.027	0.046	0.030	0.028	0.062	0.030	0.039
293.00	0.003	0.029	0.027	0.031	0.031	0.027	0.045	0.029	0.028	0.061	0.030	0.039
294.00	0.003	0.029	0.027	0.030	0.030	0.026	0.045	0.028	0.027	0.060	0.030	0.038
295.00	0.003	0.028	0.026	0.030	0.030	0.026	0.044	0.028	0.027	0.060	0.029	0.038
296.00	0.004	0.028	0.026	0.029	0.029	0.025	0.044	0.028	0.026	0.059	0.029	0.038
297.00	0.003	0.027	0.025	0.029	0.029	0.025	0.043	0.027	0.026	0.058	0.029	0.038
298.00	0.003	0.027	0.025	0.028	0.028	0.024	0.043	0.026	0.025	0.057	0.028	0.037
299.00	0.003	0.027	0.024	0.028	0.028	0.024	0.042	0.026	0.025	0.057	0.028	0.037
300.00	0.003	0.026	0.024	0.027	0.028	0.023	0.042	0.025	0.024	0.056	0.028	0.037
301.00	0.003	0.026	0.023	0.027	0.027	0.023	0.041	0.025	0.024	0.055	0.027	0.037
302.00	0.003	0.026	0.023	0.026	0.027	0.023	0.041	0.025	0.023	0.055	0.027	0.036
303.00	0.003	0.025	0.022	0.026	0.026	0.022	0.040	0.024	0.023	0.054	0.027	0.036
304.00	0.003	0.025	0.022	0.025	0.026	0.022	0.040	0.024	0.023	0.053	0.026	0.036
305.00	0.003	0.024	0.022	0.025	0.026	0.022	0.039	0.023	0.022	0.053	0.026	0.035
306.00	0.003	0.024	0.021	0.024	0.025	0.021	0.039	0.023	0.022	0.052	0.026	0.035
307.00	0.003	0.024	0.021	0.024	0.025	0.021	0.038	0.022	0.021	0.052	0.025	0.035
308.00	0.003	0.024	0.021	0.024	0.025	0.020	0.038	0.022	0.021	0.051	0.025	0.035
309.00	0.003	0.023	0.020	0.023	0.024	0.020	0.038	0.021	0.021	0.050	0.025	0.035
310.00	0.003	0.023	0.020	0.023	0.024	0.020	0.037	0.021	0.020	0.050	0.025	0.034
311.00	0.003	0.022	0.020	0.023	0.024	0.019	0.037	0.021	0.020	0.049	0.024	0.034
312.00	0.003	0.022	0.019	0.022	0.023	0.019	0.036	0.020	0.020	0.049	0.024	0.034
313.00	0.003	0.022	0.019	0.022	0.023	0.019	0.036	0.020	0.019	0.048	0.024	0.034
314.00	0.003	0.022	0.019	0.022	0.023	0.018	0.036	0.020	0.019	0.048	0.024	0.034
315.00	0.003	0.022	0.018	0.021	0.023	0.018	0.035	0.019	0.019	0.047	0.023	0.033
316.00	0.003	0.021	0.018	0.021	0.022	0.018	0.035	0.019	0.018	0.047	0.023	0.033
317.00	0.003	0.021	0.018	0.020	0.022	0.018	0.035	0.019	0.018	0.046	0.023	0.033
318.00	0.003	0.021	0.018	0.020	0.022	0.017	0.034	0.019	0.018	0.046	0.023	0.033
319.00	0.003	0.021	0.017	0.020	0.022	0.017	0.034	0.018	0.017	0.045	0.022	0.032
320.00	0.003	0.020	0.017	0.020	0.021	0.017	0.034	0.018	0.017	0.045	0.022	0.032
321.00	0.003	0.020	0.017	0.019	0.021	0.017	0.033	0.018	0.017	0.044	0.022	0.032
322.00	0.002	0.020	0.016	0.019	0.021	0.016	0.033	0.017	0.017	0.044	0.022	0.032
323.00	0.003	0.020	0.016	0.019	0.021	0.016	0.033	0.017	0.017	0.044	0.022	0.032
324.00	0.003	0.019	0.016	0.019	0.021	0.016	0.033	0.017	0.016	0.043	0.022	0.032
325.00	0.003	0.019	0.016	0.018	0.020	0.016	0.032	0.016	0.016	0.043	0.021	0.031
326.00	0.002	0.019	0.015	0.018	0.020	0.015	0.032	0.016	0.016	0.042	0.021	0.031
327.00	0.002	0.019	0.015	0.018	0.020	0.015	0.031	0.016	0.015	0.042	0.021	0.031
328.00	0.003	0.019	0.015	0.018	0.020	0.015	0.031	0.016	0.015	0.041	0.021	0.031
329.00	0.002	0.018	0.015	0.017	0.019	0.015	0.031	0.015	0.015	0.041	0.020	0.031
330.00	0.002	0.018	0.015	0.017	0.019	0.015	0.030	0.015	0.015	0.041	0.021	0.031
331.00	0.002	0.018	0.014	0.017	0.019	0.014	0.030	0.015	0.015	0.040	0.020	0.031
332.00	0.002	0.018	0.014	0.016	0.019	0.014	0.030	0.015	0.015	0.040	0.020	0.030
333.00	0.003	0.018	0.014	0.016	0.019	0.014	0.030	0.015	0.015	0.040	0.020	0.031
334.00	0.003	0.018	0.013	0.016	0.019	0.014	0.030	0.015	0.014	0.039	0.020	0.030
335.00	0.003	0.017	0.014	0.016	0.018	0.014	0.029	0.014	0.014	0.039	0.020	0.030
336.00	0.003	0.017	0.013	0.016	0.018	0.013	0.029	0.014	0.014	0.038	0.019	0.030
337.00	0.002	0.017	0.013	0.015	0.018	0.013	0.028	0.014	0.013	0.038	0.019	0.029
338.00	0.002	0.017	0.013	0.015	0.018	0.013	0.028	0.014	0.013	0.037	0.019	0.029
339.00	0.003	0.017	0.013	0.015	0.018	0.013	0.028	0.014	0.014	0.038	0.019	0.030
340.00	0.004	0.018	0.014	0.016	0.019	0.014	0.029	0.015	0.014	0.038	0.020	0.031
341.00	0.003	0.016	0.013	0.015	0.018	0.013	0.028	0.013	0.013	0.037	0.019	0.030
342.00	0.003	0.016	0.013	0.015	0.017	0.012	0.027	0.013	0.013	0.036	0.018	0.029
343.00	0.003	0.016	0.012	0.014	0.017	0.012	0.027	0.013	0.013	0.036	0.018	0.029
344.00	0.002	0.015	0.012	0.014	0.017	0.012	0.027	0.012	0.012	0.035	0.018	0.029
345.00	0.003	0.015	0.012	0.014	0.017	0.012	0.027	0.013	0.012	0.035	0.018	0.029
346.00	0.002	0.015	0.011	0.013	0.016	0.012	0.026	0.012	0.012	0.035	0.018	0.028
347.00	0.002	0.015	0.011	0.013	0.016	0.011	0.025	0.012	0.012	0.034	0.018	0.028
348.00	0.002	0.015	0.011	0.013	0.016	0.011	0.026	0.012	0.012	0.034	0.017	0.028
349.00	0.002	0.015	0.011	0.013	0.016	0.011	0.025	0.012	0.012	0.034	0.017	0.028
350.00	0.002	0.014	0.011	0.013	0.015	0.011	0.025	0.011	0.011	0.033	0.017	0.028
351.00	0.002	0.014	0.011	0.012	0.015	0.011	0.025	0.011	0.011	0.033	0.017	0.028
352.00	0.002	0.014	0.011	0.012	0.015	0.011	0.024	0.011	0.011	0.032	0.017	0.028
353.00	0.002	0.014	0.011	0.012	0.015	0.011	0.024	0.011	0.011	0.032	0.017	0.027
354.00	0.002	0.013	0.010	0.012	0.015	0.010	0.024	0.011	0.010	0.032	0.017	0.027
355.00	0.002	0.013	0.010	0.012	0.015	0.011	0.024	0.011	0.010	0.031	0.016	0.027
356.00	0.002	0.013	0.010	0.012	0.014	0.010	0.023	0.010	0.010	0.031	0.016	0.027
357.00	0.002	0.013	0.010	0.012	0.014	0.010	0.023	0.010	0.010	0.031	0.016	0.027
358.00	0.002	0.013	0.010	0.011	0.014	0.010	0.023	0.010	0.010	0.030	0.016	0.027
359.00	0.002	0.013	0.010	0.011	0.014	0.010	0.023	0.010	0.010	0.030	0.016	0.027
360.00	0.002	0.013	0.009	0.011	0.014	0.010	0.022	0.010	0.010	0.029	0.016	0.026
361.00	0.002	0.012	0.009	0.011	0.013	0.009	0.022	0.009	0.010	0.029	0.016	0.026
362.00	0.002	0.012	0.009	0.010	0.013	0.009	0.022	0.009	0.009	0.029	0.015	0.026
363.00	0.002	0.012	0.009	0.010	0.013	0.009	0.022	0.009	0.009	0.028	0.015	0.026
364.00	0.002	0.012	0.009	0.010	0.013	0.009	0.021	0.009	0.009	0.028	0.015	0.026
365.00	0.002	0.012	0.008	0.010	0.013	0.009	0.021	0.009	0.009	0.028	0.015	0.026
366.00	0.002	0.012	0.008	0.010	0.013	0.008	0.021	0.009	0.009	0.027	0.015	0.026
367.00	0.002	0.012	0.008	0.010	0.013	0.009	0.021	0.009	0.009	0.027	0.015	0.026
368.00	0.001	0.012	0.008	0.010	0.012	0.008	0.021	0.009	0.008	0.027	0.015	0.025
369.00	0.002	0.011	0.008	0.009	0.012	0.008	0.020	0.008	0.008	0.026	0.014	0.025
370.00	0.001	0.011	0.008	0.009	0.012	0.008	0.020	0.008	0.008	0.026	0.014	0.025
371.00	0.001	0.011	0.008	0.009	0.012	0.008	0.020	0.008	0.008	0.025	0.014	0.025
372.00	0.001	0.011	0.008	0.009	0.012	0.008	0.020	0.008	0.008	0.025	0.014	0.025
373.00	0.001	0.011	0.008	0.009	0.012	0.008	0.020	0.008	0.008	0.025	0.014	0.025
374.00	0.001	0.010	0.007	0.009	0.012	0.007	0.019	0.008	0.008	0.024	0.014	0.024
375.00	0.001	0.010	0.007	0.009	0.011	0.008	0.019	0.008	0.008	0.024	0.014	0.025
376.00	0.001	0.010	0.007	0.009	0.011	0.007	0.019	0.007	0.008	0.024	0.014	0.025
377.00	0.001	0.010	0.007	0.008	0.011	0.007	0.019	0.007	0.007	0.024	0.014	0.024
378.00	0.001	0.010	0.007	0.008	0.011	0.007	0.018	0.007	0.008	0.023	0.013	0.024
379.00	0.001	0.010	0.007	0.008	0.011	0.007	0.018	0.007	0.007	0.023	0.013	0.024
380.00	0.001	0.010	0.007	0.008	0.011	0.007	0.018	0.007	0.007	0.022	0.013	0.024
381.00	0.001	0.010	0.007	0.008	0.011	0.007	0.018	0.007	0.007	0.022	0.013	0.024
382.00	0.001	0.010	0.007	0.008	0.010	0.007	0.017	0.007	0.007	0.022	0.013	0.024
383.00	0.001	0.010	0.007	0.008	0.010	0.007	0.017	0.007	0.007	0.022	0.013	0.024
384.00	0.001	0.010	0.007	0.008	0.011	0.007	0.017	0.007	0.007	0.021	0.013	0.024
385.00	0.001	0.009	0.006	0.007	0.010	0.007	0.017	0.007	0.006	0.021	0.012	0.023
386.00	0.001	0.009	0.006	0.007	0.010	0.007	0.017	0.007	0.007	0.021	0.013	0.024
387.00	0.001	0.009	0.006	0.007	0.010	0.007	0.017	0.007	0.006	0.020	0.012	0.023
388.00	0.001	0.009	0.006	0.007	0.010	0.006	0.016	0.006	0.006	0.020	0.012	0.023
389.00	0.001	0.009	0.006	0.007	0.010	0.006	0.016	0.006	0.006	0.020	0.012	0.023
390.00	0.001	0.009	0.006	0.007	0.010	0.006	0.016	0.006	0.006	0.019	0.012	0.023
391.00	0.001	0.009	0.006	0.007	0.010	0.006	0.016	0.006	0.006	0.019	0.012	0.023
392.00	0.001	0.009	0.006	0.007	0.010	0.006	0.016	0.006	0.006	0.019	0.012	0.023
393.00	0.001	0.008	0.006	0.007	0.009	0.006	0.015	0.006	0.006	0.018	0.012	0.023
394.00	0.001	0.009	0.006	0.007	0.009	0.006	0.015	0.006	0.006	0.018	0.012	0.023
395.00	0.001	0.008	0.005	0.006	0.009	0.006	0.015	0.006	0.006	0.018	0.011	0.023
396.00	0.001	0.008	0.005	0.006	0.009	0.006	0.015	0.005	0.005	0.018	0.011	0.023
397.00	0.001	0.008	0.005	0.006	0.009	0.006	0.015	0.005	0.005	0.017	0.011	0.022
398.00	0.001	0.008	0.005	0.006	0.009	0.005	0.015	0.005	0.005	0.017	0.011	0.022
399.00	0.001	0.008	0.005	0.006	0.009	0.005	0.014	0.005	0.005	0.017	0.011	0.022
400.00	0.001	0.008	0.005	0.006	0.009	0.005	0.014	0.005	0.005	0.017	0.011	0.022
401.00	0.001	0.008	0.005	0.006	0.009	0.005	0.014	0.005	0.005	0.017	0.011	0.022
402.00	0.001	0.008	0.005	0.006	0.009	0.005	0.014	0.005	0.005	0.016	0.011	0.022
403.00	0.001	0.008	0.005	0.006	0.009	0.005	0.014	0.005	0.005	0.016	0.011	0.022
404.00	0.001	0.008	0.005	0.006	0.008	0.005	0.014	0.005	0.005	0.016	0.011	0.022
405.00	0.001	0.007	0.005	0.005	0.008	0.005	0.013	0.005	0.005	0.016	0.010	0.022
406.00	0.001	0.007	0.005	0.005	0.008	0.005	0.013	0.005	0.005	0.015	0.010	0.022
407.00	0.001	0.007	0.005	0.005	0.008	0.005	0.013	0.005	0.005	0.015	0.010	0.022
408.00	0.001	0.007	0.005	0.005	0.008	0.005	0.013	0.005	0.004	0.015	0.010	0.022
409.00	0.001	0.007	0.005	0.005	0.008	0.005	0.013	0.005	0.004	0.015	0.010	0.022
410.00	0.001	0.007	0.004	0.005	0.008	0.005	0.013	0.005	0.004	0.015	0.010	0.022
411.00	0.001	0.007	0.004	0.005	0.008	0.005	0.013	0.005	0.004	0.014	0.010	0.021
412.00	0.001	0.007	0.004	0.005	0.008	0.004	0.012	0.004	0.004	0.014	0.010	0.021
413.00	0.001	0.007	0.004	0.005	0.008	0.004	0.012	0.004	0.004	0.014	0.010	0.021
414.00	0.001	0.007	0.004	0.005	0.008	0.004	0.012	0.004	0.004	0.014	0.010	0.021
415.00	0.001	0.007	0.004	0.005	0.008	0.004	0.012	0.004	0.004	0.014	0.010	0.021
416.00	0.001	0.007	0.004	0.005	0.008	0.004	0.012	0.004	0.004	0.013	0.010	0.021
417.00	0.001	0.007	0.004	0.005	0.007	0.004	0.012	0.004	0.004	0.013	0.009	0.021
418.00	0.001	0.006	0.004	0.004	0.007	0.004	0.012	0.004	0.004	0.013	0.009	0.021
419.00	0.001	0.007	0.004	0.004	0.007	0.004	0.012	0.004	0.004	0.013	0.009	0.021
420.00	0.001	0.006	0.004	0.004	0.007	0.004	0.011	0.004	0.004	0.013	0.009	0.021
421.00	0.001	0.006	0.004	0.004	0.007	0.004	0.011	0.004	0.004	0.012	0.009	0.021
422.00	0.001	0.006	0.004	0.004	0.007	0.004	0.011	0.004	0.004	0.012	0.009	0.021
423.00	0.000	0.006	0.004	0.004	0.007	0.004	0.011	0.004	0.003	0.012	0.009	0.021
424.00	0.001	0.006	0.004	0.004	0.007	0.004	0.011	0.004	0.003	0.012	0.009	0.021
425.00	0.001	0.006	0.004	0.004	0.007	0.004	0.011	0.004	0.003	0.012	0.009	0.020
426.00	0.001	0.006	0.004	0.004	0.007	0.004	0.011	0.004	0.003	0.012	0.009	0.020
427.00	0.001	0.006	0.004	0.004	0.007	0.004	0.011	0.004	0.003	0.012	0.009	0.020
428.00	0.001	0.006	0.004	0.004	0.007	0.004	0.011	0.003	0.003	0.011	0.009	0.020
429.00	0.000	0.006	0.003	0.004	0.007	0.004	0.010	0.003	0.003	0.011	0.009	0.020
430.00	0.000	0.006	0.003	0.004	0.007	0.004	0.010	0.003	0.003	0.011	0.008	0.020
431.00	0.001	0.006	0.003	0.004	0.007	0.004	0.010	0.003	0.003	0.011	0.008	0.020
432.00	0.001	0.006	0.003	0.004	0.007	0.004	0.010	0.003	0.003	0.011	0.008	0.020
433.00	0.001	0.006	0.003	0.003	0.006	0.004	0.010	0.003	0.003	0.010	0.008	0.020
434.00	0.000	0.006	0.003	0.004	0.007	0.004	0.010	0.003	0.003	0.010	0.008	0.020
435.00	0.000	0.006	0.003	0.003	0.006	0.003	0.010	0.003	0.003	0.010	0.008	0.020
436.00	0.001	0.006	0.003	0.003	0.006	0.003	0.010	0.003	0.003	0.010	0.008	0.020
437.00	0.000	0.006	0.003	0.003	0.006	0.003	0.010	0.003	0.003	0.010	0.008	0.019
438.00	0.000	0.005	0.003	0.003	0.006	0.003	0.010	0.003	0.003	0.010	0.008	0.019
439.00	0.000	0.005	0.003	0.003	0.006	0.003	0.010	0.003	0.003	0.010	0.008	0.019
440.00	0.000	0.005	0.003	0.003	0.006	0.003	0.010	0.003	0.003	0.010	0.008	0.019
441.00	0.000	0.005	0.003	0.003	0.006	0.003	0.009	0.003	0.003	0.010	0.008	0.019
442.00	0.000	0.005	0.003	0.003	0.006	0.003	0.009	0.003	0.002	0.009	0.008	0.019
443.00	0.000	0.005	0.003	0.003	0.006	0.003	0.009	0.003	0.002	0.009	0.008	0.019
444.00	0.000	0.005	0.003	0.003	0.006	0.003	0.009	0.003	0.002	0.009	0.008	0.019
445.00	0.000	0.005	0.003	0.003	0.006	0.003	0.009	0.003	0.002	0.009	0.008	0.019
446.00	0.000	0.005	0.003	0.003	0.006	0.003	0.009	0.003	0.002	0.009	0.008	0.019
447.00	0.001	0.005	0.003	0.003	0.006	0.003	0.009	0.003	0.002	0.009	0.008	0.019
448.00	0.000	0.005	0.003	0.003	0.006	0.003	0.009	0.003	0.002	0.009	0.008	0.019
449.00	0.000	0.005	0.003	0.003	0.006	0.003	0.009	0.003	0.002	0.009	0.008	0.019
450.00	0.000	0.005	0.003	0.003	0.006	0.003	0.009	0.003	0.002	0.008	0.008	0.019
451.00	0.000	0.005	0.003	0.003	0.006	0.003	0.009	0.003	0.002	0.008	0.008	0.019
452.00	0.000	0.005	0.003	0.003	0.006	0.003	0.009	0.003	0.002	0.008	0.007	0.018
453.00	0.000	0.005	0.003	0.003	0.006	0.003	0.008	0.003	0.002	0.008	0.007	0.018
454.00	0.000	0.005	0.003	0.003	0.006	0.003	0.008	0.003	0.002	0.008	0.007	0.018
455.00	0.000	0.005	0.003	0.003	0.006	0.003	0.008	0.003	0.002	0.008	0.007	0.018
456.00	0.000	0.005	0.003	0.003	0.005	0.003	0.008	0.003	0.002	0.008	0.007	0.018
457.00	0.000	0.005	0.003	0.003	0.005	0.003	0.008	0.003	0.002	0.008	0.007	0.018
458.00	0.000	0.005	0.003	0.003	0.005	0.003	0.008	0.003	0.002	0.008	0.007	0.018
459.00	0.000	0.005	0.002	0.002	0.005	0.003	0.008	0.002	0.002	0.008	0.007	0.018
460.00	0.000	0.005	0.003	0.002	0.005	0.003	0.008	0.002	0.002	0.008	0.007	0.018
461.00	0.000	0.005	0.002	0.003	0.005	0.003	0.008	0.002	0.002	0.008	0.007	0.018
462.00	0.000	0.005	0.002	0.003	0.005	0.002	0.008	0.002	0.002	0.007	0.007	0.018
463.00	0.000	0.005	0.002	0.003	0.005	0.003	0.008	0.002	0.002	0.007	0.007	0.018
464.00	0.000	0.005	0.002	0.002	0.005	0.002	0.008	0.002	0.002	0.007	0.007	0.018
465.00	0.000	0.005	0.002	0.002	0.005	0.002	0.008	0.002	0.002	0.007	0.007	0.018
466.00	0.000	0.005	0.002	0.002	0.005	0.002	0.008	0.002	0.002	0.007	0.007	0.018
467.00	0.000	0.005	0.002	0.002	0.005	0.002	0.008	0.002	0.002	0.007	0.007	0.018
468.00	0.000	0.005	0.002	0.002	0.005	0.002	0.008	0.002	0.002	0.007	0.007	0.017
469.00	0.000	0.005	0.002	0.002	0.005	0.002	0.008	0.002	0.002	0.007	0.007	0.017
470.00	0.000	0.005	0.002	0.002	0.005	0.002	0.008	0.002	0.002	0.007	0.007	0.017
471.00	0.000	0.005	0.002	0.002	0.005	0.002	0.008	0.002	0.002	0.007	0.007	0.017
472.00	0.000	0.005	0.002	0.002	0.005	0.002	0.008	0.002	0.002	0.007	0.007	0.017
473.00	0.000	0.004	0.002	0.002	0.005	0.002	0.008	0.002	0.002	0.007	0.007	0.017
474.00	0.000	0.004	0.002	0.002	0.005	0.002	0.008	0.002	0.002	0.007	0.007	0.017
475.00	0.000	0.004	0.002	0.002	0.005	0.002	0.007	0.002	0.002	0.007	0.007	0.017
476.00	0.000	0.004	0.002	0.002	0.005	0.002	0.007	0.002	0.002	0.007	0.007	0.017
477.00	0.000	0.004	0.002	0.002	0.005	0.002	0.007	0.002	0.002	0.006	0.007	0.017
478.00	0.000	0.004	0.002	0.002	0.005	0.002	0.007	0.002	0.002	0.006	0.007	0.017
479.00	0.000	0.004	0.002	0.002	0.005	0.002	0.007	0.002	0.002	0.006	0.007	0.017
480.00	0.000	0.004	0.002	0.002	0.005	0.002	0.007	0.002	0.002	0.006	0.007	0.017
481.00	0.000	0.004	0.002	0.002	0.005	0.002	0.007	0.002	0.001	0.006	0.007	0.017
482.00	0.000	0.004	0.002	0.002	0.005	0.002	0.007	0.002	0.001	0.006	0.007	0.017
483.00	0.000	0.004	0.002	0.002	0.005	0.002	0.007	0.002	0.001	0.006	0.006	0.017
484.00	0.000	0.004	0.002	0.002	0.005	0.002	0.007	0.002	0.001	0.006	0.006	0.016
485.00	0.000	0.004	0.002	0.002	0.005	0.002	0.007	0.002	0.001	0.006	0.006	0.016
486.00	0.000	0.004	0.002	0.002	0.004	0.002	0.007	0.002	0.001	0.006	0.006	0.016
487.00	0.000	0.004	0.002	0.002	0.004	0.002	0.007	0.002	0.001	0.006	0.006	0.016
488.00	0.000	0.004	0.002	0.002	0.004	0.002	0.007	0.002	0.001	0.006	0.006	0.016
489.00	0.000	0.004	0.002	0.002	0.004	0.002	0.007	0.002	0.001	0.006	0.006	0.016
490.00	0.000	0.004	0.002	0.002	0.004	0.002	0.007	0.002	0.001	0.006	0.006	0.016
491.00	-0.000	0.004	0.002	0.002	0.004	0.002	0.007	0.002	0.001	0.005	0.006	0.016
492.00	-0.000	0.004	0.002	0.002	0.004	0.002	0.007	0.001	0.001	0.005	0.006	0.016
493.00	-0.000	0.004	0.002	0.002	0.004	0.002	0.007	0.002	0.001	0.005	0.006	0.016
494.00	0.000	0.004	0.002	0.002	0.004	0.002	0.007	0.002	0.001	0.005	0.006	0.016
495.00	0.000	0.004	0.002	0.002	0.004	0.002	0.007	0.002	0.001	0.005	0.006	0.016
496.00	0.000	0.004	0.002	0.002	0.004	0.002	0.006	0.002	0.001	0.005	0.006	0.016
497.00	0.000	0.004	0.002	0.002	0.004	0.002	0.006	0.002	0.001	0.005	0.006	0.016
498.00	0.000	0.004	0.002	0.002	0.004	0.002	0.006	0.001	0.001	0.005	0.006	0.016
499.00	0.000	0.004	0.002	0.002	0.004	0.002	0.006	0.002	0.001	0.005	0.006	0.016
500.00	0.000	0.004	0.002	0.002	0.004	0.002	0.006	0.001	0.001	0.005	0.006	0.016
501.00	0.000	0.004	0.002	0.002	0.004	0.002	0.006	0.001	0.001	0.005	0.006	0.016
502.00	0.000	0.004	0.002	0.002	0.004	0.002	0.006	0.001	0.001	0.005	0.006	0.016
503.00	0.000	0.004	0.002	0.002	0.004	0.002	0.006	0.001	0.001	0.005	0.006	0.016
504.00	-0.000	0.004	0.001	0.002	0.004	0.002	0.006	0.001	0.001	0.005	0.006	0.015
505.00	-0.000	0.004	0.001	0.002	0.004	0.002	0.006	0.001	0.001	0.005	0.006	0.015
506.00	-0.000	0.004	0.001	0.001	0.004	0.002	0.006	0.001	0.001	0.005	0.006	0.015
507.00	-0.000	0.003	0.001	0.001	0.004	0.002	0.006	0.001	0.001	0.005	0.006	0.015
508.00	-0.000	0.003	0.001	0.001	0.004	0.002	0.006	0.001	0.001	0.005	0.006	0.015
509.00	-0.000	0.003	0.001	0.001	0.004	0.002	0.006	0.001	0.001	0.005	0.006	0.015
510.00	-0.000	0.003	0.001	0.001	0.004	0.002	0.006	0.001	0.001	0.005	0.006	0.015
511.00	-0.000	0.003	0.001	0.001	0.004	0.002	0.006	0.001	0.001	0.004	0.006	0.015
512.00	-0.000	0.003	0.001	0.001	0.004	0.002	0.006	0.001	0.001	0.004	0.006	0.015
513.00	-0.000	0.003	0.001	0.001	0.004	0.001	0.006	0.001	0.001	0.004	0.006	0.015
514.00	-0.000	0.003	0.001	0.001	0.004	0.001	0.006	0.001	0.001	0.004	0.006	0.015
515.00	-0.000	0.003	0.001	0.001	0.004	0.002	0.006	0.001	0.001	0.004	0.006	0.015
516.00	-0.000	0.003	0.001	0.001	0.004	0.001	0.006	0.001	0.001	0.004	0.005	0.015
517.00	-0.000	0.003	0.001	0.001	0.004	0.001	0.006	0.001	0.001	0.004	0.005	0.015
518.00	-0.000	0.003	0.001	0.001	0.004	0.001	0.006	0.001	0.001	0.004	0.005	0.015
519.00	-0.000	0.003	0.001	0.001	0.004	0.001	0.006	0.001	0.001	0.004	0.005	0.015
520.00	-0.000	0.003	0.001	0.001	0.004	0.001	0.006	0.001	0.001	0.004	0.005	0.015
521.00	-0.000	0.003	0.001	0.001	0.004	0.001	0.006	0.001	0.001	0.004	0.005	0.015
522.00	-0.000	0.003	0.001	0.001	0.004	0.001	0.006	0.001	0.001	0.004	0.005	0.015
523.00	-0.000	0.003	0.001	0.001	0.004	0.001	0.005	0.001	0.001	0.004	0.005	0.014
524.00	-0.000	0.003	0.001	0.001	0.004	0.001	0.005	0.001	0.001	0.004	0.005	0.014
525.00	-0.000	0.003	0.001	0.001	0.004	0.001	0.005	0.001	0.001	0.004	0.005	0.014
526.00	-0.000	0.003	0.001	0.001	0.004	0.001	0.006	0.001	0.001	0.004	0.005	0.014
527.00	-0.000	0.003	0.001	0.001	0.004	0.001	0.005	0.001	0.001	0.004	0.005	0.014
528.00	-0.000	0.003	0.001	0.001	0.004	0.001	0.005	0.001	0.001	0.004	0.005	0.014
529.00	-0.000	0.003	0.001	0.001	0.003	0.001	0.005	0.001	0.001	0.004	0.005	0.014
530.00	-0.000	0.003	0.001	0.001	0.003	0.001	0.005	0.001	0.001	0.004	0.005	0.014
531.00	-0.000	0.003	0.001	0.001	0.004	0.001	0.005	0.001	0.001	0.004	0.005	0.014
532.00	-0.000	0.003	0.001	0.001	0.003	0.001	0.005	0.001	0.001	0.003	0.005	0.014
533.00	-0.000	0.003	0.001	0.001	0.003	0.001	0.005	0.001	0.001	0.003	0.005	0.014
534.00	-0.000	0.003	0.001	0.001	0.003	0.001	0.005	0.001	0.001	0.003	0.005	0.014
535.00	0.000	0.003	0.001	0.001	0.004	0.002	0.005	0.001	0.001	0.004	0.005	0.014
536.00	0.001	0.004	0.002	0.002	0.004	0.002	0.006	0.002	0.002	0.004	0.006	0.015
537.00	0.000	0.003	0.001	0.001	0.004	0.001	0.005	0.001	0.001	0.004	0.005	0.014
538.00	-0.000	0.003	0.001	0.001	0.003	0.001	0.005	0.001	0.001	0.003	0.005	0.014
539.00	-0.000	0.003	0.001	0.001	0.003	0.001	0.005	0.001	0.001	0.003	0.005	0.014
540.00	-0.000	0.003	0.001	0.001	0.003	0.001	0.005	0.001	0.001	0.003	0.005	0.014
541.00	-0.000	0.003	0.001	0.001	0.003	0.001	0.005	0.001	0.001	0.003	0.005	0.014
542.00	-0.000	0.003	0.001	0.001	0.003	0.001	0.005	0.001	0.001	0.003	0.005	0.014
543.00	-0.000	0.003	0.001	0.001	0.003	0.001	0.005	0.001	0.001	0.003	0.005	0.014
544.00	0.000	0.003	0.001	0.001	0.003	0.001	0.005	0.001	0.001	0.003	0.005	0.014
545.00	-0.000	0.003	0.001	0.001	0.003	0.001	0.005	0.001	0.001	0.003	0.005	0.014
546.00	0.000	0.003	0.001	0.001	0.003	0.001	0.005	0.001	0.001	0.003	0.005	0.014
547.00	-0.000	0.003	0.001	0.001	0.003	0.001	0.005	0.001	0.001	0.003	0.005	0.014
548.00	-0.000	0.003	0.001	0.001	0.003	0.001	0.005	0.001	0.001	0.003	0.005	0.013
549.00	-0.000	0.003	0.001	0.001	0.003	0.001	0.005	0.001	0.001	0.003	0.005	0.014
550.00	-0.000	0.003	0.001	0.001	0.003	0.001	0.005	0.001	0.000	0.003	0.005	0.013
551.00	-0.000	0.003	0.001	0.001	0.003	0.001	0.005	0.001	0.000	0.003	0.005	0.013
552.00	0.000	0.003	0.001	0.001	0.003	0.001	0.005	0.001	0.001	0.003	0.005	0.013
553.00	0.000	0.003	0.001	0.001	0.003	0.001	0.005	0.001	0.001	0.003	0.005	0.013
554.00	0.000	0.003	0.001	0.001	0.003	0.001	0.005	0.001	0.001	0.003	0.005	0.013
555.00	0.000	0.003	0.001	0.001	0.003	0.001	0.005	0.001	0.001	0.003	0.005	0.013
556.00	0.000	0.003	0.001	0.001	0.003	0.001	0.005	0.001	0.001	0.003	0.005	0.013
557.00	-0.000	0.003	0.001	0.001	0.003	0.001	0.005	0.001	0.000	0.003	0.005	0.013
558.00	0.000	0.003	0.001	0.001	0.003	0.001	0.005	0.001	0.000	0.003	0.005	0.013
559.00	0.000	0.003	0.001	0.001	0.003	0.001	0.005	0.001	0.000	0.003	0.005	0.013
560.00	0.000	0.003	0.001	0.001	0.003	0.001	0.005	0.001	0.001	0.003	0.005	0.013
561.00	-0.000	0.003	0.001	0.001	0.003	0.001	0.005	0.001	0.001	0.003	0.005	0.013
562.00	0.000	0.003	0.001	0.001	0.003	0.001	0.005	0.001	0.000	0.003	0.005	0.013
563.00	0.000	0.003	0.001	0.001	0.003	0.001	0.005	0.001	0.001	0.003	0.005	0.013
564.00	0.000	0.003	0.001	0.001	0.003	0.001	0.005	0.001	0.001	0.003	0.005	0.013
565.00	0.000	0.003	0.001	0.001	0.003	0.001	0.005	0.001	0.001	0.003	0.005	0.013
566.00	0.000	0.003	0.001	0.001	0.003	0.001	0.005	0.001	0.001	0.003	0.005	0.013
567.00	0.000	0.003	0.001	0.001	0.003	0.001	0.005	0.001	0.000	0.003	0.005	0.013
568.00	0.000	0.003	0.001	0.001	0.003	0.001	0.005	0.001	0.001	0.003	0.005	0.013
569.00	0.000	0.003	0.001	0.001	0.003	0.001	0.005	0.001	0.000	0.003	0.005	0.013
570.00	0.000	0.003	0.001	0.001	0.003	0.001	0.005	0.001	0.000	0.003	0.005	0.013
571.00	0.000	0.003	0.001	0.001	0.003	0.001	0.005	0.001	0.000	0.003	0.005	0.013
572.00	0.000	0.003	0.001	0.001	0.003	0.001	0.005	0.001	0.000	0.003	0.005	0.013
573.00	0.000	0.003	0.001	0.001	0.003	0.001	0.005	0.001	0.000	0.003	0.004	0.013
574.00	0.000	0.003	0.001	0.001	0.003	0.001	0.005	0.001	0.000	0.003	0.004	0.013
575.00	0.000	0.003	0.001	0.001	0.003	0.001	0.005	0.001	0.000	0.003	0.004	0.013
576.00	0.000	0.003	0.001	0.001	0.003	0.001	0.005	0.001	0.000	0.003	0.004	0.013
577.00	0.000	0.003	0.001	0.001	0.003	0.001	0.005	0.001	0.000	0.003	0.004	0.013
578.00	0.000	0.003	0.001	0.001	0.003	0.001	0.005	0.001	0.000	0.003	0.005	0.013
579.00	0.000	0.003	0.001	0.001	0.003	0.001	0.005	0.001	0.000	0.003	0.005	0.013
580.00	0.000	0.003	0.001	0.001	0.003	0.001	0.005	0.001	0.000	0.003	0.004	0.013
581.00	0.000	0.003	0.001	0.001	0.003	0.001	0.004	0.001	0.000	0.003	0.004	0.013
582.00	0.000	0.003	0.001	0.001	0.003	0.001	0.004	0.001	0.000	0.003	0.004	0.012
583.00	0.000	0.003	0.001	0.001	0.003	0.001	0.004	0.001	0.000	0.003	0.004	0.012
584.00	0.000	0.003	0.001	0.001	0.003	0.001	0.004	0.001	0.000	0.002	0.004	0.012
585.00	0.000	0.003	0.001	0.001	0.003	0.001	0.004	0.001	0.000	0.003	0.004	0.012
586.00	0.000	0.003	0.001	0.001	0.003	0.001	0.004	0.001	0.000	0.002	0.004	0.012
587.00	0.000	0.003	0.001	0.001	0.003	0.001	0.004	0.001	0.000	0.002	0.004	0.012
588.00	0.000	0.003	0.001	0.001	0.003	0.001	0.004	0.001	0.000	0.002	0.004	0.012
589.00	0.000	0.003	0.001	0.001	0.003	0.001	0.004	0.001	0.000	0.002	0.004	0.012
590.00	0.000	0.003	0.001	0.001	0.003	0.001	0.004	0.001	0.000	0.002	0.004	0.012
591.00	0.000	0.003	0.001	0.001	0.003	0.001	0.004	0.001	0.000	0.002	0.004	0.012
592.00	0.000	0.003	0.001	0.001	0.003	0.001	0.004	0.001	0.000	0.002	0.004	0.012
593.00	0.000	0.003	0.001	0.001	0.003	0.001	0.004	0.001	0.000	0.002	0.004	0.012
594.00	0.000	0.003	0.001	0.001	0.003	0.001	0.004	0.001	0.000	0.002	0.004	0.012
595.00	0.000	0.003	0.001	0.001	0.003	0.001	0.004	0.001	0.000	0.002	0.004	0.012
596.00	0.000	0.003	0.001	0.001	0.003	0.001	0.004	0.001	0.000	0.002	0.004	0.012
597.00	0.000	0.003	0.001	0.001	0.003	0.001	0.004	0.001	0.000	0.002	0.004	0.012
598.00	0.000	0.003	0.001	0.001	0.003	0.001	0.004	0.001	0.000	0.002	0.004	0.012
599.00	0.000	0.003	0.001	0.001	0.003	0.001	0.004	0.001	0.000	0.002	0.004	0.012
600.00	0.000	0.003	0.001	0.001	0.003	0.001	0.004	0.001	0.000	0.002	0.004	0.012
601.00	0.000	0.003	0.001	0.001	0.003	0.001	0.004	0.001	0.000	0.002	0.004	0.012
602.00	0.000	0.003	0.001	0.001	0.003	0.001	0.004	0.001	0.000	0.002	0.004	0.012
603.00	0.000	0.003	0.001	0.001	0.003	0.001	0.004	0.001	0.000	0.002	0.004	0.012
604.00	0.000	0.002	0.001	0.001	0.003	0.001	0.004	0.001	0.000	0.002	0.004	0.012
605.00	0.000	0.002	0.001	0.001	0.003	0.001	0.004	0.001	0.000	0.002	0.004	0.012
606.00	0.000	0.003	0.001	0.001	0.003	0.001	0.004	0.001	0.000	0.002	0.004	0.012
607.00	0.000	0.002	0.001	0.001	0.003	0.001	0.004	0.001	0.000	0.002	0.004	0.012
608.00	-0.000	0.002	0.001	0.001	0.003	0.001	0.004	0.001	0.000	0.002	0.004	0.012
609.00	0.000	0.002	0.001	0.001	0.003	0.001	0.004	0.001	0.000	0.002	0.004	0.011
610.00	0.000	0.003	0.001	0.001	0.003	0.001	0.004	0.001	0.000	0.002	0.004	0.012
611.00	0.000	0.002	0.001	0.001	0.003	0.001	0.004	0.001	0.000	0.002	0.004	0.012
612.00	0.000	0.002	0.001	0.001	0.003	0.001	0.004	0.001	0.000	0.002	0.004	0.011
613.00	0.000	0.002	0.001	0.001	0.003	0.001	0.004	0.001	0.000	0.002	0.004	0.011
614.00	-0.000	0.002	0.001	0.001	0.003	0.001	0.004	0.001	0.000	0.002	0.004	0.011
615.00	0.000	0.002	0.001	0.001	0.003	0.001	0.004	0.001	0.000	0.002	0.004	0.011
616.00	0.000	0.002	0.001	0.001	0.003	0.001	0.004	0.001	0.000	0.002	0.004	0.011
617.00	0.000	0.002	0.001	0.001	0.003	0.001	0.004	0.001	0.000	0.002	0.004	0.011
618.00	0.000	0.002	0.001	0.001	0.003	0.001	0.004	0.001	0.000	0.002	0.004	0.011
619.00	0.000	0.002	0.001	0.001	0.003	0.001	0.004	0.001	0.000	0.002	0.004	0.011
620.00	0.000	0.002	0.001	0.001	0.003	0.001	0.004	0.001	0.000	0.002	0.004	0.011
621.00	0.000	0.002	0.001	0.001	0.003	0.001	0.004	0.001	0.000	0.002	0.004	0.011
622.00	0.000	0.002	0.001	0.001	0.003	0.001	0.004	0.001	0.000	0.002	0.004	0.011
623.00	0.000	0.002	0.001	0.001	0.003	0.001	0.004	0.001	0.000	0.002	0.004	0.011
624.00	0.000	0.002	0.001	0.001	0.003	0.001	0.004	0.001	0.000	0.002	0.004	0.011
625.00	0.000	0.002	0.001	0.001	0.003	0.001	0.004	0.001	0.000	0.002	0.004	0.011
626.00	0.000	0.002	0.001	0.001	0.003	0.001	0.004	0.001	0.000	0.002	0.004	0.011
627.00	0.000	0.002	0.001	0.001	0.003	0.001	0.004	0.001	0.000	0.002	0.004	0.011
628.00	0.000	0.002	0.001	0.001	0.003	0.001	0.004	0.001	0.000	0.002	0.004	0.011
629.00	-0.000	0.002	0.001	0.001	0.003	0.001	0.004	0.001	0.000	0.002	0.004	0.011
630.00	-0.000	0.002	0.001	0.001	0.003	0.001	0.004	0.001	0.000	0.002	0.004	0.011
631.00	-0.000	0.002	0.001	0.001	0.003	0.001	0.004	0.001	0.000	0.002	0.004	0.011
632.00	-0.000	0.002	0.001	0.001	0.003	0.001	0.004	0.001	0.000	0.002	0.004	0.011
633.00	-0.000	0.002	0.001	0.001	0.003	0.001	0.004	0.001	0.000	0.002	0.004	0.011
634.00	0.000	0.002	0.001	0.001	0.003	0.001	0.004	0.001	0.000	0.002	0.004	0.011
635.00	-0.000	0.002	0.001	0.001	0.003	0.001	0.004	0.001	0.000	0.002	0.004	0.011
636.00	-0.000	0.002	0.001	0.000	0.003	0.001	0.004	0.001	0.000	0.002	0.004	0.011
637.00	-0.000	0.002	0.001	0.000	0.003	0.001	0.004	0.001	-0.000	0.002	0.004	0.011
638.00	-0.000	0.002	0.001	0.000	0.003	0.001	0.004	0.001	-0.000	0.002	0.004	0.011
639.00	-0.000	0.002	0.001	0.001	0.003	0.001	0.004	0.001	-0.000	0.002	0.004	0.011
640.00	-0.000	0.002	0.000	0.000	0.002	0.001	0.004	0.001	-0.000	0.002	0.004	0.010
641.00	-0.000	0.002	0.000	0.000	0.002	0.001	0.004	0.001	-0.000	0.002	0.004	0.010
642.00	-0.000	0.002	0.000	0.000	0.003	0.001	0.004	0.001	-0.000	0.002	0.004	0.010
643.00	-0.000	0.002	0.000	0.000	0.002	0.001	0.004	0.001	-0.000	0.002	0.004	0.010
644.00	-0.000	0.002	0.000	0.000	0.003	0.001	0.004	0.001	-0.000	0.002	0.004	0.010
645.00	-0.000	0.002	0.000	0.000	0.003	0.001	0.004	0.001	-0.000	0.002	0.004	0.010
646.00	-0.000	0.002	0.001	0.000	0.003	0.001	0.004	0.001	0.000	0.002	0.004	0.010
647.00	-0.000	0.002	0.000	0.000	0.003	0.001	0.004	0.001	0.000	0.002	0.004	0.010
648.00	-0.000	0.002	0.000	0.000	0.003	0.001	0.004	0.001	0.000	0.002	0.004	0.010
649.00	-0.000	0.002	0.001	0.001	0.003	0.001	0.004	0.001	0.000	0.002	0.004	0.010
650.00	-0.000	0.002	0.001	0.001	0.003	0.001	0.004	0.001	0.000	0.002	0.004	0.010
651.00	-0.000	0.002	0.001	0.001	0.003	0.001	0.004	0.001	0.000	0.002	0.004	0.010
652.00	-0.000	0.002	0.001	0.001	0.003	0.001	0.004	0.001	0.000	0.002	0.004	0.010
653.00	-0.000	0.002	0.001	0.001	0.003	0.001	0.004	0.001	0.000	0.002	0.004	0.010
654.00	-0.000	0.002	0.001	0.001	0.003	0.001	0.004	0.001	0.000	0.002	0.004	0.010
655.00	-0.000	0.002	0.001	0.001	0.003	0.001	0.004	0.001	0.000	0.002	0.004	0.010
656.00	-0.000	0.002	0.001	0.000	0.003	0.001	0.004	0.001	0.000	0.002	0.004	0.010
657.00	-0.000	0.002	0.000	0.000	0.003	0.001	0.004	0.001	0.000	0.002	0.004	0.010
658.00	-0.000	0.002	0.001	0.001	0.003	0.001	0.004	0.001	0.000	0.002	0.004	0.010
659.00	-0.000	0.002	0.001	0.001	0.003	0.001	0.004	0.001	0.000	0.002	0.004	0.010
660.00	-0.000	0.002	0.000	0.000	0.002	0.001	0.004	0.001	0.000	0.001	0.003	0.010
661.00	-0.000	0.002	0.000	0.000	0.002	0.001	0.004	0.001	0.000	0.002	0.004	0.010
662.00	-0.000	0.002	0.000	0.000	0.002	0.001	0.004	0.001	0.000	0.002	0.004	0.010
663.00	-0.000	0.002	0.000	0.000	0.002	0.001	0.004	0.001	0.000	0.002	0.004	0.010
664.00	-0.000	0.002	0.001	0.001	0.002	0.001	0.004	0.001	0.000	0.002	0.004	0.010
665.00	-0.000	0.002	0.000	0.000	0.002	0.001	0.003	0.001	0.000	0.002	0.004	0.010
666.00	-0.000	0.002	0.000	0.000	0.002	0.001	0.003	0.001	0.000	0.001	0.003	0.010
667.00	-0.000	0.002	0.001	0.001	0.003	0.001	0.004	0.001	0.000	0.002	0.004	0.010
668.00	-0.000	0.002	0.000	0.001	0.003	0.001	0.004	0.001	0.000	0.002	0.004	0.010
669.00	-0.000	0.002	0.000	0.000	0.003	0.001	0.004	0.001	0.000	0.002	0.004	0.010
670.00	-0.000	0.002	0.000	0.000	0.002	0.001	0.003	0.001	0.000	0.002	0.003	0.010
671.00	-0.000	0.002	0.001	0.000	0.002	0.001	0.003	0.001	0.000	0.002	0.003	0.010
672.00	-0.000	0.002	0.001	0.000	0.002	0.001	0.004	0.001	0.000	0.002	0.004	0.010
673.00	-0.000	0.002	0.000	0.000	0.002	0.001	0.004	0.001	0.000	0.002	0.004	0.010
674.00	-0.000	0.002	0.000	0.001	0.003	0.001	0.004	0.001	0.000	0.002	0.004	0.010
675.00	-0.000	0.002	0.001	0.001	0.002	0.001	0.004	0.001	0.000	0.002	0.004	0.010
676.00	-0.000	0.002	0.001	0.000	0.002	0.001	0.003	0.001	0.000	0.002	0.004	0.010
677.00	-0.000	0.002	0.000	0.000	0.002	0.001	0.003	0.001	0.000	0.002	0.003	0.010
678.00	-0.000	0.002	0.000	0.000	0.002	0.001	0.003	0.001	0.000	0.002	0.003	0.010
679.00	-0.000	0.002	0.000	0.000	0.002	0.001	0.003	0.001	0.000	0.002	0.004	0.010
680.00	-0.000	0.002	0.000	0.001	0.002	0.001	0.003	0.001	0.000	0.001	0.003	0.010
681.00	-0.000	0.002	0.000	0.000	0.002	0.001	0.003	0.001	0.000	0.002	0.003	0.010
682.00	-0.000	0.002	0.000	0.000	0.002	0.001	0.003	0.001	0.000	0.001	0.003	0.010
683.00	-0.000	0.002	0.000	0.000	0.002	0.001	0.003	0.001	0.000	0.002	0.004	0.010
684.00	-0.000	0.002	0.000	0.000	0.002	0.001	0.003	0.001	0.000	0.001	0.003	0.010
685.00	-0.000	0.002	0.001	0.001	0.002	0.001	0.004	0.001	0.000	0.002	0.004	0.010
686.00	-0.000	0.002	0.001	0.001	0.003	0.001	0.004	0.001	0.000	0.002	0.004	0.010
687.00	-0.000	0.002	0.000	0.001	0.002	0.001	0.003	0.001	0.000	0.002	0.004	0.010
688.00	-0.000	0.002	0.001	0.001	0.002	0.001	0.003	0.001	0.000	0.002	0.004	0.010
689.00	-0.000	0.002	0.001	0.001	0.002	0.001	0.003	0.001	0.000	0.002	0.003	0.010
690.00	-0.000	0.002	0.001	0.001	0.002	0.001	0.003	0.001	0.000	0.001	0.003	0.010
691.00	-0.000	0.002	0.000	0.001	0.002	0.001	0.003	0.001	0.000	0.002	0.003	0.010
692.00	-0.000	0.002	0.000	0.001	0.002	0.001	0.003	0.001	0.000	0.002	0.003	0.010
693.00	-0.000	0.002	0.001	0.001	0.002	0.001	0.003	0.001	0.000	0.002	0.003	0.010
694.00	-0.000	0.002	0.000	0.000	0.002	0.001	0.003	0.001	0.000	0.001	0.003	0.009
695.00	-0.000	0.002	0.000	0.000	0.002	0.001	0.003	0.001	0.000	0.001	0.003	0.009
696.00	-0.000	0.002	0.000	0.000	0.002	0.001	0.003	0.001	0.000	0.001	0.003	0.009
697.00	-0.000	0.002	0.000	0.001	0.002	0.001	0.003	0.001	0.000	0.001	0.003	0.009
698.00	-0.000	0.002	0.000	0.001	0.002	0.001	0.003	0.001	0.000	0.001	0.003	0.009
699.00	-0.000	0.002	0.000	0.001	0.002	0.001	0.003	0.001	0.000	0.001	0.003	0.009
700.00	-0.000	0.002	0.000	0.001	0.002	0.001	0.003	0.001	0.000	0.001	0.003	0.009
701.00	-0.000	0.002	0.000	0.000	0.002	0.001	0.003	0.001	0.000	0.001	0.003	0.009
702.00	-0.000	0.002	0.000	0.001	0.002	0.001	0.003	0.001	0.000	0.001	0.003	0.009
703.00	-0.000	0.002	0.001	0.001	0.002	0.001	0.003	0.001	0.000	0.002	0.003	0.009
704.00	-0.000	0.002	0.000	0.000	0.002	0.001	0.003	0.001	0.000	0.001	0.003	0.009
705.00	-0.000	0.002	0.001	0.000	0.002	0.001	0.003	0.001	0.000	0.002	0.003	0.009
706.00	-0.000	0.002	0.001	0.000	0.002	0.001	0.003	0.001	0.000	0.002	0.003	0.009
707.00	-0.000	0.002	0.000	0.000	0.002	0.001	0.003	0.001	0.000	0.001	0.003	0.009
708.00	-0.000	0.002	0.000	0.000	0.002	0.001	0.003	0.001	0.000	0.001	0.003	0.009
709.00	-0.000	0.002	0.000	0.000	0.002	0.001	0.003	0.001	0.000	0.001	0.003	0.009
710.00	-0.000	0.002	0.000	0.000	0.002	0.001	0.003	0.001	0.000	0.001	0.003	0.009
711.00	-0.000	0.002	0.000	0.000	0.002	0.001	0.003	0.001	0.000	0.001	0.003	0.009
712.00	-0.000	0.002	0.001	0.001	0.002	0.001	0.003	0.001	0.000	0.002	0.003	0.009
713.00	-0.000	0.002	0.001	0.001	0.002	0.001	0.003	0.001	0.000	0.001	0.003	0.009
714.00	-0.000	0.002	0.001	0.001	0.002	0.001	0.003	0.001	0.000	0.001	0.003	0.009
715.00	-0.000	0.002	0.000	0.000	0.002	0.001	0.003	0.001	0.000	0.001	0.003	0.009
716.00	-0.000	0.002	0.001	0.001	0.002	0.001	0.003	0.001	0.000	0.001	0.003	0.009
717.00	-0.000	0.002	0.001	0.001	0.002	0.001	0.003	0.001	0.000	0.001	0.003	0.009
718.00	-0.000	0.002	0.001	0.001	0.002	0.001	0.003	0.001	0.000	0.002	0.003	0.009
719.00	-0.000	0.002	0.000	0.001	0.002	0.001	0.003	0.001	0.000	0.001	0.003	0.009
720.00	-0.000	0.002	0.001	0.001	0.002	0.001	0.003	0.001	0.000	0.001	0.003	0.009
721.00	-0.000	0.002	0.001	0.001	0.002	0.001	0.003	0.001	0.000	0.001	0.003	0.009
722.00	-0.000	0.002	0.001	0.001	0.002	0.001	0.003	0.001	0.000	0.001	0.003	0.009
723.00	-0.000	0.002	0.001	0.001	0.002	0.001	0.003	0.001	0.000	0.001	0.003	0.009
724.00	-0.000	0.002	0.000	0.000	0.002	0.001	0.003	0.001	0.000	0.001	0.003	0.009
725.00	-0.000	0.002	0.001	0.001	0.002	0.001	0.003	0.001	0.000	0.001	0.003	0.009
726.00	-0.000	0.002	0.000	0.001	0.002	0.001	0.003	0.001	0.000	0.001	0.003	0.009
727.00	-0.000	0.002	0.000	0.000	0.002	0.001	0.003	0.001	0.000	0.001	0.003	0.009
728.00	-0.000	0.002	0.001	0.000	0.002	0.001	0.003	0.001	0.000	0.001	0.003	0.009
729.00	-0.000	0.002	0.000	0.000	0.002	0.001	0.003	0.001	0.000	0.001	0.003	0.009
730.00	-0.000	0.002	0.000	0.000	0.002	0.001	0.003	0.001	0.000	0.001	0.003	0.009
731.00	-0.000	0.002	0.000	0.000	0.002	0.001	0.003	0.001	0.000	0.001	0.003	0.009
732.00	-0.000	0.002	0.001	0.000	0.002	0.001	0.003	0.001	0.000	0.001	0.003	0.009
733.00	-0.000	0.002	0.000	0.001	0.002	0.001	0.003	0.001	0.000	0.001	0.003	0.009
734.00	-0.000	0.002	0.001	0.000	0.002	0.001	0.003	0.001	0.000	0.001	0.003	0.009
735.00	0.000	0.002	0.001	0.001	0.002	0.001	0.003	0.001	0.000	0.001	0.003	0.009
736.00	0.000	0.002	0.001	0.000	0.002	0.001	0.003	0.001	0.000	0.001	0.003	0.009
737.00	-0.000	0.002	0.000	0.001	0.002	0.001	0.003	0.001	0.000	0.001	0.003	0.009
738.00	-0.000	0.002	0.000	0.001	0.002	0.001	0.003	0.001	0.000	0.001	0.003	0.009
739.00	-0.000	0.002	0.001	0.001	0.002	0.001	0.003	0.001	0.000	0.001	0.003	0.009
740.00	-0.000	0.002	0.001	0.001	0.002	0.001	0.003	0.001	0.000	0.001	0.003	0.009
741.00	-0.000	0.002	0.000	0.000	0.002	0.001	0.003	0.001	0.000	0.001	0.003	0.009
742.00	0.000	0.002	0.001	0.001	0.002	0.001	0.003	0.001	0.000	0.001	0.003	0.009
743.00	-0.000	0.002	0.000	0.000	0.002	0.001	0.003	0.001	0.000	0.001	0.003	0.009
744.00	0.000	0.002	0.001	0.001	0.002	0.001	0.003	0.001	0.000	0.001	0.003	0.009
745.00	0.000	0.002	0.001	0.001	0.002	0.001	0.003	0.001	0.000	0.001	0.003	0.009
746.00	-0.000	0.002	0.001	0.000	0.002	0.001	0.003	0.001	0.000	0.001	0.003	0.008
747.00	-0.000	0.002	0.000	0.000	0.002	0.001	0.003	0.001	0.000	0.001	0.003	0.008
748.00	-0.000	0.002	0.001	0.000	0.002	0.001	0.003	0.001	0.000	0.001	0.003	0.008
749.00	-0.000	0.002	0.000	0.000	0.002	0.001	0.003	0.001	0.000	0.001	0.003	0.008
750.00	-0.000	0.002	0.000	0.001	0.002	0.001	0.003	0.001	0.000	0.001	0.003	0.008
751.00	-0.000	0.002	0.001	0.001	0.002	0.001	0.003	0.001	0.000	0.001	0.003	0.008
752.00	0.000	0.002	0.001	0.001	0.002	0.001	0.003	0.001	0.000	0.001	0.003	0.008
753.00	0.000	0.002	0.001	0.001	0.002	0.001	0.003	0.001	0.000	0.001	0.003	0.008
754.00	0.000	0.002	0.001	0.001	0.002	0.001	0.003	0.001	0.000	0.001	0.003	0.008
755.00	0.000	0.002	0.001	0.001	0.002	0.001	0.003	0.001	0.000	0.001	0.003	0.008
756.00	-0.000	0.002	0.001	0.001	0.002	0.001	0.003	0.001	0.000	0.001	0.003	0.008
757.00	-0.000	0.002	0.001	0.001	0.002	0.001	0.003	0.001	0.000	0.001	0.003	0.008
758.00	-0.000	0.002	0.001	0.001	0.002	0.001	0.003	0.001	0.000	0.001	0.003	0.008
759.00	0.000	0.002	0.001	0.001	0.003	0.001	0.003	0.001	0.000	0.002	0.003	0.008
760.00	0.001	0.003	0.002	0.002	0.003	0.002	0.004	0.002	0.001	0.002	0.004	0.009
761.00	0.000	0.002	0.001	0.001	0.003	0.001	0.003	0.001	0.000	0.002	0.003	0.008
762.00	-0.000	0.002	0.000	0.001	0.002	0.001	0.003	0.001	0.000	0.001	0.003	0.008
763.00	-0.000	0.002	0.001	0.001	0.002	0.001	0.003	0.001	0.000	0.001	0.003	0.008
764.00	-0.000	0.002	0.000	0.001	0.002	0.001	0.003	0.001	0.000	0.001	0.003	0.008
765.00	-0.000	0.002	0.000	0.000	0.002	0.001	0.003	0.001	0.000	0.001	0.003	0.008
766.00	-0.000	0.002	0.001	0.001	0.002	0.001	0.003	0.001	0.000	0.001	0.003	0.008
767.00	-0.000	0.002	0.001	0.000	0.002	0.001	0.003	0.001	0.000	0.001	0.003	0.008
768.00	-0.000	0.002	0.001	0.001	0.002	0.001	0.003	0.001	0.000	0.001	0.003	0.008
769.00	-0.000	0.002	0.001	0.001	0.002	0.001	0.003	0.001	0.000	0.001	0.003	0.008
770.00	-0.000	0.002	0.001	0.001	0.002	0.001	0.003	0.001	0.000	0.001	0.003	0.008
771.00	-0.000	0.002	0.001	0.001	0.002	0.001	0.003	0.001	0.000	0.001	0.003	0.008
772.00	-0.000	0.002	0.001	0.001	0.002	0.001	0.003	0.001	0.000	0.001	0.003	0.008
773.00	-0.000	0.002	0.001	0.001	0.002	0.001	0.003	0.001	0.000	0.001	0.003	0.008
774.00	-0.000	0.002	0.001	0.001	0.002	0.001	0.003	0.001	0.000	0.001	0.003	0.008
775.00	-0.000	0.002	0.001	0.000	0.002	0.001	0.003	0.001	0.000	0.001	0.003	0.008
776.00	-0.000	0.002	0.001	0.001	0.002	0.001	0.003	0.001	0.000	0.001	0.003	0.008
777.00	-0.000	0.002	0.001	0.001	0.002	0.001	0.003	0.001	0.000	0.001	0.003	0.008
778.00	-0.000	0.002	0.001	0.001	0.002	0.001	0.003	0.001	0.000	0.001	0.003	0.008
779.00	-0.000	0.002	0.001	0.001	0.002	0.001	0.003	0.001	0.000	0.001	0.003	0.008
780.00	-0.000	0.002	0.001	0.001	0.002	0.001	0.003	0.001	0.000	0.001	0.003	0.008
781.00	-0.000	0.002	0.001	0.000	0.002	0.001	0.003	0.001	0.000	0.001	0.003	0.008
782.00	-0.000	0.002	0.001	0.001	0.002	0.001	0.003	0.001	0.000	0.001	0.003	0.008
783.00	-0.000	0.002	0.001	0.001	0.002	0.001	0.003	0.001	0.000	0.001	0.003	0.008
784.00	-0.000	0.002	0.001	0.000	0.002	0.001	0.003	0.001	0.000	0.001	0.003	0.008
785.00	-0.000	0.002	0.001	0.001	0.002	0.001	0.003	0.001	0.000	0.001	0.003	0.008
786.00	-0.000	0.002	0.001	0.001	0.002	0.001	0.003	0.001	0.000	0.001	0.003	0.008
787.00	-0.000	0.002	0.001	0.001	0.002	0.001	0.003	0.001	0.000	0.001	0.003	0.007
788.00	-0.000	0.002	0.001	0.001	0.002	0.001	0.003	0.001	0.000	0.001	0.003	0.008
789.00	0.000	0.002	0.001	0.001	0.002	0.001	0.003	0.001	0.000	0.001	0.003	0.008
790.00	-0.000	0.002	0.001	0.001	0.002	0.001	0.003	0.001	0.000	0.001	0.003	0.008
791.00	-0.000	0.002	0.001	0.001	0.002	0.001	0.003	0.001	0.000	0.001	0.003	0.008
792.00	-0.000	0.002	0.001	0.001	0.002	0.001	0.003	0.001	0.000	0.001	0.003	0.007
793.00	0.000	0.002	0.001	0.001	0.002	0.001	0.003	0.001	0.000	0.001	0.003	0.008
794.00	0.000	0.002	0.001	0.001	0.002	0.001	0.003	0.001	0.000	0.001	0.003	0.007
795.00	-0.000	0.002	0.001	0.001	0.002	0.001	0.003	0.001	0.000	0.001	0.003	0.007
796.00	-0.000	0.002	0.001	0.001	0.003	0.001	0.003	0.001	0.000	0.001	0.003	0.007
797.00	-0.000	0.002	0.001	0.001	0.002	0.001	0.003	0.001	0.000	0.001	0.003	0.007
798.00	-0.000	0.002	0.001	0.001	0.003	0.001	0.003	0.001	0.000	0.001	0.003	0.007
799.00	-0.000	0.002	0.001	0.001	0.002	0.001	0.003	0.001	0.000	0.001	0.003	0.007
800.00	-0.000	0.002	0.001	0.001	0.002	0.001	0.003	0.001	0.000	0.001	0.003	0.007
801.00	-0.000	0.002	0.001	0.001	0.002	0.001	0.003	0.001	0.000	0.001	0.003	0.007
802.00	-0.000	0.002	0.001	0.001	0.002	0.001	0.003	0.001	0.000	0.001	0.003	0.007
803.00	-0.000	0.002	0.001	0.001	0.002	0.001	0.003	0.001	0.000	0.001	0.003	0.007
804.00	-0.000	0.002	0.001	0.001	0.002	0.001	0.003	0.001	0.000	0.001	0.003	0.007
805.00	-0.000	0.002	0.001	0.001	0.002	0.001	0.003	0.001	0.000	0.001	0.003	0.007
806.00	-0.000	0.002	0.001	0.001	0.002	0.001	0.003	0.001	0.000	0.001	0.003	0.007
807.00	-0.000	0.002	0.001	0.001	0.002	0.001	0.003	0.001	0.000	0.001	0.003	0.007
808.00	-0.000	0.002	0.001	0.001	0.002	0.001	0.003	0.001	0.000	0.001	0.003	0.007
809.00	-0.000	0.002	0.001	0.001	0.002	0.001	0.003	0.001	0.000	0.001	0.003	0.007
810.00	0.000	0.002	0.001	0.001	0.003	0.001	0.003	0.001	0.000	0.001	0.003	0.007
811.00	-0.000	0.002	0.001	0.001	0.002	0.001	0.003	0.001	0.000	0.001	0.003	0.007
812.00	-0.000	0.002	0.001	0.001	0.002	0.001	0.003	0.001	0.000	0.001	0.003	0.007
813.00	-0.000	0.002	0.001	0.001	0.002	0.001	0.003	0.001	0.000	0.001	0.003	0.007
814.00	-0.000	0.002	0.001	0.001	0.002	0.001	0.003	0.001	0.000	0.001	0.003	0.007
815.00	-0.000	0.002	0.001	0.001	0.002	0.001	0.003	0.001	0.000	0.001	0.003	0.007
816.00	-0.000	0.002	0.001	0.001	0.002	0.001	0.003	0.001	0.000	0.001	0.003	0.007
817.00	-0.000	0.002	0.001	0.001	0.002	0.001	0.003	0.001	0.000	0.001	0.003	0.007
818.00	-0.000	0.002	0.001	0.001	0.002	0.001	0.003	0.001	0.000	0.001	0.003	0.007
819.00	0.000	0.002	0.001	0.001	0.002	0.001	0.003	0.001	0.000	0.001	0.003	0.007
820.00	-0.000	0.002	0.001	0.001	0.002	0.001	0.003	0.001	0.000	0.001	0.003	0.007
821.00	-0.000	0.002	0.001	0.001	0.002	0.001	0.003	0.001	0.000	0.001	0.003	0.007
822.00	0.000	0.002	0.001	0.001	0.002	0.001	0.003	0.001	0.000	0.001	0.003	0.007
823.00	-0.000	0.002	0.001	0.001	0.002	0.001	0.003	0.001	0.000	0.001	0.003	0.007
824.00	-0.000	0.002	0.001	0.001	0.002	0.001	0.003	0.001	0.000	0.001	0.003	0.007
825.00	-0.000	0.002	0.001	0.001	0.002	0.001	0.003	0.001	0.000	0.001	0.003	0.007
826.00	0.000	0.002	0.001	0.001	0.002	0.001	0.003	0.001	0.000	0.001	0.003	0.007
827.00	-0.000	0.002	0.001	0.001	0.002	0.001	0.003	0.001	0.000	0.001	0.003	0.007
828.00	0.000	0.002	0.001	0.001	0.002	0.001	0.003	0.001	0.000	0.001	0.003	0.007
829.00	0.000	0.002	0.001	0.001	0.002	0.001	0.003	0.001	0.000	0.001	0.003	0.007
830.00	0.000	0.002	0.001	0.001	0.002	0.001	0.003	0.001	0.000	0.001	0.003	0.007
831.00	0.000	0.002	0.001	0.001	0.002	0.001	0.003	0.001	0.000	0.001	0.003	0.007
832.00	0.000	0.002	0.001	0.001	0.002	0.001	0.003	0.001	0.000	0.001	0.003	0.007
833.00	0.000	0.002	0.001	0.001	0.002	0.001	0.003	0.001	0.000	0.001	0.003	0.007
834.00	0.000	0.002	0.001	0.001	0.002	0.001	0.003	0.001	0.000	0.001	0.003	0.007
835.00	0.000	0.002	0.001	0.001	0.002	0.001	0.003	0.001	0.000	0.001	0.003	0.007
836.00	0.000	0.002	0.001	0.001	0.002	0.001	0.003	0.001	0.000	0.001	0.003	0.007
837.00	0.000	0.002	0.001	0.001	0.002	0.001	0.003	0.001	0.000	0.001	0.003	0.007
838.00	0.000	0.002	0.001	0.001	0.002	0.001	0.003	0.001	0.000	0.001	0.003	0.007
839.00	0.000	0.002	0.001	0.001	0.002	0.001	0.003	0.001	0.000	0.001	0.003	0.007
840.00	0.000	0.002	0.001	0.001	0.002	0.001	0.003	0.001	0.000	0.001	0.003	0.007
841.00	0.000	0.002	0.001	0.001	0.002	0.001	0.003	0.001	0.000	0.001	0.003	0.007
842.00	0.000	0.002	0.001	0.001	0.002	0.001	0.003	0.001	0.000	0.001	0.003	0.007
843.00	0.000	0.002	0.001	0.001	0.002	0.001	0.003	0.001	0.000	0.001	0.003	0.007
844.00	0.000	0.002	0.001	0.001	0.002	0.001	0.003	0.001	0.000	0.001	0.003	0.007
845.00	0.000	0.002	0.000	0.001	0.002	0.001	0.003	0.001	0.000	0.001	0.003	0.007
846.00	0.000	0.002	0.001	0.001	0.002	0.001	0.003	0.001	0.000	0.001	0.003	0.007
847.00	0.000	0.002	0.000	0.001	0.002	0.001	0.003	0.001	0.000	0.001	0.003	0.007
848.00	0.000	0.002	0.001	0.001	0.002	0.001	0.003	0.001	0.000	0.001	0.003	0.007
849.00	0.000	0.002	0.001	0.001	0.002	0.001	0.003	0.001	0.000	0.001	0.003	0.007
850.00	0.000	0.002	0.001	0.001	0.002	0.001	0.003	0.001	0.000	0.001	0.003	0.007
