190.00	-0.010	0.309	0.464	0.292	0.400	0.333	0.277	0.301	0.284	0.144	0.301
191.00	-0.013	0.284	0.430	0.270	0.367	0.307	0.251	0.277	0.262	0.137	0.277
192.00	-0.013	0.259	0.392	0.247	0.335	0.281	0.224	0.253	0.239	0.131	0.254
193.00	-0.014	0.234	0.353	0.223	0.302	0.255	0.198	0.226	0.216	0.125	0.228
194.00	-0.015	0.214	0.320	0.204	0.276	0.234	0.178	0.205	0.198	0.119	0.207
195.00	-0.015	0.196	0.289	0.187	0.252	0.215	0.161	0.186	0.181	0.115	0.188
196.00	-0.014	0.181	0.263	0.172	0.232	0.200	0.146	0.170	0.167	0.112	0.173
197.00	-0.014	0.168	0.240	0.159	0.214	0.186	0.134	0.157	0.155	0.108	0.160
198.00	-0.015	0.155	0.220	0.148	0.197	0.174	0.123	0.144	0.144	0.105	0.148
199.00	-0.014	0.145	0.204	0.138	0.183	0.164	0.114	0.135	0.135	0.103	0.138
200.00	-0.014	0.136	0.190	0.130	0.173	0.156	0.108	0.127	0.127	0.102	0.130
201.00	-0.014	0.127	0.177	0.122	0.162	0.147	0.102	0.119	0.119	0.099	0.121
202.00	-0.014	0.119	0.166	0.115	0.153	0.140	0.096	0.112	0.112	0.096	0.114
203.00	-0.014	0.114	0.158	0.109	0.146	0.135	0.093	0.107	0.107	0.095	0.108
204.00	-0.013	0.108	0.150	0.104	0.140	0.130	0.089	0.102	0.102	0.093	0.103
205.00	-0.013	0.103	0.143	0.099	0.134	0.125	0.086	0.098	0.097	0.091	0.098
206.00	-0.013	0.099	0.138	0.095	0.129	0.121	0.083	0.094	0.093	0.089	0.094
207.00	-0.013	0.095	0.133	0.092	0.125	0.117	0.081	0.091	0.089	0.088	0.091
208.00	-0.012	0.092	0.129	0.089	0.121	0.113	0.079	0.088	0.086	0.086	0.088
209.00	-0.012	0.089	0.125	0.085	0.117	0.109	0.077	0.085	0.083	0.083	0.085
210.00	-0.012	0.086	0.122	0.082	0.113	0.106	0.075	0.083	0.080	0.081	0.082
211.00	-0.012	0.083	0.119	0.080	0.110	0.102	0.073	0.080	0.078	0.079	0.079
212.00	-0.012	0.080	0.116	0.078	0.106	0.099	0.071	0.078	0.076	0.077	0.077
213.00	-0.011	0.078	0.113	0.075	0.103	0.096	0.070	0.076	0.073	0.075	0.075
214.00	-0.011	0.076	0.111	0.073	0.100	0.092	0.068	0.073	0.071	0.073	0.072
215.00	-0.011	0.073	0.108	0.071	0.096	0.089	0.066	0.071	0.069	0.070	0.070
216.00	-0.011	0.071	0.106	0.069	0.093	0.086	0.064	0.069	0.067	0.068	0.068
217.00	-0.011	0.069	0.104	0.067	0.090	0.083	0.062	0.066	0.065	0.065	0.066
218.00	-0.011	0.067	0.102	0.065	0.087	0.080	0.061	0.064	0.064	0.063	0.064
219.00	-0.010	0.066	0.100	0.063	0.084	0.077	0.059	0.063	0.062	0.061	0.063
220.00	-0.010	0.064	0.098	0.062	0.081	0.074	0.058	0.061	0.060	0.059	0.061
221.00	-0.010	0.063	0.097	0.061	0.079	0.071	0.057	0.059	0.059	0.057	0.060
222.00	-0.010	0.061	0.095	0.059	0.076	0.069	0.055	0.057	0.058	0.056	0.058
223.00	-0.010	0.060	0.094	0.058	0.074	0.067	0.054	0.056	0.056	0.054	0.057
224.00	-0.010	0.058	0.092	0.057	0.071	0.065	0.053	0.054	0.055	0.052	0.055
225.00	-0.010	0.057	0.090	0.055	0.069	0.063	0.052	0.053	0.054	0.051	0.054
226.00	-0.010	0.056	0.089	0.054	0.067	0.061	0.051	0.052	0.053	0.050	0.053
227.00	-0.010	0.054	0.087	0.053	0.065	0.059	0.049	0.050	0.052	0.048	0.052
228.00	-0.010	0.053	0.086	0.052	0.063	0.057	0.048	0.049	0.051	0.047	0.051
229.00	-0.009	0.052	0.084	0.051	0.062	0.056	0.047	0.048	0.050	0.046	0.050
230.00	-0.009	0.051	0.083	0.050	0.060	0.054	0.046	0.047	0.049	0.045	0.048
231.00	-0.009	0.050	0.081	0.049	0.058	0.053	0.046	0.046	0.048	0.044	0.047
232.00	-0.009	0.049	0.080	0.048	0.057	0.051	0.045	0.044	0.047	0.043	0.046
233.00	-0.009	0.048	0.078	0.047	0.056	0.050	0.044	0.044	0.046	0.042	0.046
234.00	-0.009	0.047	0.077	0.046	0.055	0.049	0.043	0.043	0.045	0.041	0.045
235.00	-0.009	0.046	0.076	0.045	0.053	0.048	0.042	0.042	0.044	0.040	0.044
236.00	-0.009	0.045	0.075	0.044	0.052	0.047	0.042	0.041	0.043	0.039	0.043
237.00	-0.009	0.045	0.073	0.043	0.051	0.046	0.041	0.040	0.042	0.039	0.042
238.00	-0.009	0.044	0.072	0.043	0.050	0.045	0.040	0.039	0.042	0.038	0.042
239.00	-0.009	0.043	0.071	0.042	0.049	0.045	0.039	0.039	0.041	0.037	0.041
240.00	-0.009	0.042	0.070	0.042	0.049	0.044	0.039	0.038	0.040	0.037	0.040
241.00	-0.009	0.042	0.070	0.041	0.048	0.043	0.038	0.038	0.040	0.036	0.040
242.00	-0.008	0.041	0.069	0.040	0.047	0.043	0.038	0.037	0.039	0.036	0.039
243.00	-0.008	0.041	0.068	0.040	0.047	0.042	0.038	0.037	0.039	0.035	0.039
244.00	-0.008	0.040	0.067	0.039	0.046	0.042	0.037	0.036	0.039	0.035	0.038
245.00	-0.008	0.040	0.067	0.039	0.046	0.041	0.037	0.036	0.038	0.035	0.038
246.00	-0.008	0.040	0.066	0.039	0.045	0.041	0.036	0.036	0.038	0.034	0.038
247.00	-0.008	0.039	0.065	0.038	0.045	0.040	0.036	0.035	0.037	0.034	0.037
248.00	-0.008	0.039	0.065	0.038	0.044	0.040	0.035	0.035	0.037	0.034	0.037
249.00	-0.008	0.038	0.064	0.038	0.044	0.039	0.035	0.034	0.037	0.033	0.036
250.00	-0.008	0.038	0.064	0.037	0.043	0.039	0.034	0.034	0.036	0.033	0.036
251.00	-0.008	0.038	0.063	0.037	0.043	0.039	0.034	0.034	0.036	0.033	0.036
252.00	-0.008	0.038	0.063	0.037	0.043	0.038	0.034	0.034	0.036	0.033	0.036
253.00	-0.007	0.038	0.062	0.037	0.043	0.038	0.034	0.033	0.036	0.032	0.036
254.00	-0.007	0.037	0.062	0.036	0.042	0.038	0.033	0.033	0.036	0.032	0.035
255.00	-0.007	0.037	0.061	0.036	0.042	0.038	0.033	0.033	0.035	0.032	0.035
256.00	-0.007	0.037	0.061	0.036	0.041	0.037	0.033	0.033	0.035	0.031	0.035
257.00	-0.007	0.036	0.061	0.035	0.041	0.037	0.032	0.032	0.035	0.031	0.034
258.00	-0.007	0.036	0.060	0.035	0.041	0.036	0.032	0.032	0.034	0.031	0.034
259.00	-0.007	0.036	0.060	0.035	0.040	0.036	0.031	0.032	0.034	0.030	0.034
260.00	-0.007	0.036	0.059	0.035	0.040	0.036	0.031	0.031	0.034	0.030	0.033
261.00	-0.007	0.035	0.059	0.034	0.040	0.035	0.031	0.031	0.034	0.030	0.033
262.00	-0.007	0.035	0.058	0.034	0.039	0.035	0.031	0.031	0.033	0.029	0.033
263.00	-0.007	0.034	0.057	0.034	0.039	0.035	0.030	0.030	0.033	0.029	0.032
264.00	-0.007	0.034	0.057	0.033	0.038	0.034	0.030	0.030	0.032	0.029	0.032
265.00	-0.007	0.033	0.056	0.032	0.038	0.034	0.029	0.029	0.032	0.028	0.032
266.00	-0.007	0.033	0.055	0.032	0.038	0.033	0.029	0.029	0.031	0.028	0.031
267.00	-0.007	0.033	0.055	0.031	0.037	0.033	0.029	0.028	0.031	0.028	0.030
268.00	-0.007	0.032	0.054	0.031	0.037	0.032	0.028	0.028	0.031	0.028	0.030
269.00	-0.007	0.032	0.054	0.031	0.036	0.032	0.028	0.028	0.030	0.027	0.030
270.00	-0.007	0.031	0.053	0.030	0.036	0.031	0.028	0.027	0.030	0.027	0.029
271.00	-0.007	0.030	0.052	0.029	0.035	0.031	0.027	0.026	0.029	0.027	0.028
272.00	-0.007	0.030	0.051	0.029	0.034	0.030	0.027	0.026	0.028	0.026	0.028
273.00	-0.007	0.029	0.050	0.028	0.034	0.030	0.026	0.025	0.028	0.026	0.027
274.00	-0.007	0.029	0.050	0.028	0.033	0.029	0.026	0.025	0.027	0.026	0.027
275.00	-0.006	0.028	0.049	0.027	0.033	0.029	0.026	0.024	0.027	0.025	0.026
276.00	-0.006	0.027	0.048	0.026	0.032	0.028	0.025	0.024	0.026	0.025	0.025
277.00	-0.006	0.027	0.047	0.026	0.032	0.028	0.025	0.023	0.025	0.025	0.025
278.00	-0.006	0.026	0.046	0.025	0.031	0.027	0.025	0.023	0.025	0.024	0.024
279.00	-0.007	0.025	0.046	0.025	0.030	0.027	0.024	0.022	0.024	0.024	0.024
280.00	-0.006	0.025	0.045	0.024	0.030	0.026	0.024	0.022	0.024	0.024	0.023
281.00	-0.006	0.024	0.044	0.023	0.030	0.025	0.024	0.021	0.023	0.023	0.022
282.00	-0.006	0.024	0.044	0.023	0.029	0.025	0.023	0.021	0.022	0.023	0.022
283.00	-0.006	0.023	0.043	0.022	0.028	0.025	0.023	0.020	0.022	0.023	0.021
284.00	-0.006	0.022	0.042	0.021	0.028	0.024	0.022	0.019	0.021	0.022	0.020
285.00	-0.006	0.022	0.041	0.021	0.027	0.023	0.022	0.019	0.021	0.022	0.020
286.00	-0.006	0.021	0.041	0.020	0.027	0.023	0.022	0.018	0.020	0.022	0.019
287.00	-0.006	0.020	0.040	0.019	0.026	0.022	0.021	0.018	0.019	0.021	0.018
288.00	-0.006	0.019	0.039	0.019	0.025	0.022	0.021	0.017	0.019	0.021	0.018
289.00	-0.006	0.019	0.038	0.018	0.025	0.021	0.021	0.017	0.018	0.021	0.017
290.00	-0.006	0.018	0.038	0.018	0.024	0.021	0.020	0.016	0.018	0.020	0.017
291.00	-0.006	0.018	0.037	0.017	0.024	0.020	0.020	0.016	0.017	0.020	0.016
292.00	-0.006	0.017	0.036	0.016	0.023	0.020	0.020	0.015	0.017	0.020	0.016
293.00	-0.006	0.017	0.036	0.016	0.023	0.019	0.019	0.015	0.016	0.020	0.015
294.00	-0.006	0.016	0.035	0.015	0.022	0.019	0.019	0.014	0.016	0.019	0.015
295.00	-0.006	0.016	0.035	0.015	0.022	0.018	0.019	0.014	0.015	0.019	0.014
296.00	-0.006	0.015	0.034	0.015	0.021	0.018	0.018	0.014	0.015	0.018	0.014
297.00	-0.006	0.015	0.033	0.014	0.021	0.017	0.018	0.013	0.014	0.018	0.013
298.00	-0.006	0.015	0.033	0.014	0.021	0.017	0.018	0.013	0.014	0.018	0.013
299.00	-0.006	0.014	0.032	0.013	0.020	0.017	0.017	0.012	0.013	0.018	0.013
300.00	-0.006	0.014	0.032	0.013	0.020	0.016	0.017	0.012	0.013	0.017	0.012
301.00	-0.006	0.013	0.031	0.012	0.019	0.016	0.017	0.012	0.012	0.017	0.012
302.00	-0.006	0.013	0.031	0.012	0.019	0.015	0.016	0.011	0.012	0.017	0.011
303.00	-0.006	0.013	0.030	0.012	0.019	0.015	0.016	0.011	0.012	0.016	0.011
304.00	-0.006	0.012	0.030	0.012	0.018	0.015	0.016	0.011	0.012	0.016	0.011
305.00	-0.005	0.012	0.030	0.011	0.018	0.015	0.016	0.011	0.011	0.016	0.010
306.00	-0.005	0.012	0.029	0.011	0.018	0.014	0.015	0.010	0.011	0.016	0.010
307.00	-0.005	0.011	0.028	0.011	0.017	0.014	0.015	0.010	0.011	0.016	0.010
308.00	-0.005	0.011	0.028	0.010	0.017	0.013	0.015	0.010	0.010	0.016	0.009
309.00	-0.005	0.011	0.027	0.010	0.017	0.013	0.015	0.009	0.010	0.016	0.009
310.00	-0.005	0.011	0.027	0.010	0.017	0.013	0.014	0.009	0.010	0.015	0.009
311.00	-0.005	0.010	0.027	0.010	0.016	0.013	0.014	0.009	0.009	0.015	0.009
312.00	-0.005	0.010	0.027	0.009	0.016	0.012	0.014	0.009	0.009	0.015	0.008
313.00	-0.005	0.010	0.026	0.009	0.016	0.012	0.014	0.009	0.009	0.015	0.008
314.00	-0.005	0.010	0.026	0.009	0.016	0.012	0.014	0.008	0.009	0.015	0.008
315.00	-0.005	0.009	0.025	0.009	0.015	0.011	0.013	0.008	0.008	0.014	0.008
316.00	-0.005	0.009	0.025	0.008	0.015	0.011	0.013	0.008	0.008	0.014	0.007
317.00	-0.005	0.009	0.025	0.008	0.015	0.011	0.013	0.008	0.008	0.014	0.007
318.00	-0.005	0.009	0.024	0.008	0.015	0.011	0.013	0.007	0.008	0.014	0.007
319.00	-0.005	0.008	0.024	0.008	0.014	0.011	0.012	0.007	0.008	0.013	0.007
320.00	-0.005	0.008	0.024	0.008	0.014	0.010	0.012	0.007	0.008	0.013	0.007
321.00	-0.005	0.008	0.023	0.007	0.014	0.010	0.012	0.007	0.008	0.013	0.006
322.00	-0.005	0.008	0.023	0.007	0.014	0.010	0.012	0.007	0.007	0.013	0.006
323.00	-0.005	0.008	0.023	0.007	0.013	0.010	0.011	0.007	0.007	0.013	0.006
324.00	-0.005	0.008	0.023	0.007	0.013	0.010	0.012	0.006	0.007	0.013	0.006
325.00	-0.005	0.008	0.022	0.007	0.013	0.010	0.011	0.007	0.007	0.013	0.006
326.00	-0.005	0.008	0.022	0.006	0.013	0.009	0.011	0.006	0.007	0.013	0.006
327.00	-0.005	0.007	0.022	0.006	0.013	0.009	0.011	0.006	0.007	0.012	0.006
328.00	-0.005	0.007	0.022	0.006	0.012	0.009	0.011	0.006	0.007	0.012	0.005
329.00	-0.005	0.007	0.021	0.006	0.012	0.009	0.011	0.006	0.006	0.012	0.005
330.00	-0.005	0.007	0.021	0.006	0.012	0.009	0.010	0.005	0.006	0.012	0.005
331.00	-0.005	0.007	0.021	0.006	0.012	0.009	0.011	0.005	0.006	0.012	0.005
332.00	-0.005	0.006	0.021	0.006	0.012	0.008	0.010	0.005	0.006	0.012	0.005
333.00	-0.004	0.006	0.020	0.005	0.012	0.008	0.010	0.005	0.006	0.011	0.004
334.00	-0.004	0.006	0.020	0.006	0.011	0.008	0.010	0.005	0.006	0.012	0.005
335.00	-0.004	0.006	0.020	0.005	0.012	0.008	0.010	0.005	0.005	0.011	0.004
336.00	-0.004	0.006	0.020	0.005	0.011	0.008	0.010	0.005	0.005	0.011	0.004
337.00	-0.004	0.006	0.019	0.005	0.011	0.007	0.009	0.004	0.005	0.011	0.004
338.00	-0.004	0.006	0.019	0.005	0.011	0.008	0.009	0.004	0.005	0.011	0.004
339.00	-0.004	0.006	0.019	0.005	0.011	0.008	0.009	0.004	0.005	0.011	0.004
340.00	-0.003	0.007	0.020	0.006	0.012	0.008	0.010	0.006	0.006	0.012	0.005
341.00	-0.004	0.005	0.018	0.004	0.011	0.007	0.009	0.004	0.005	0.010	0.004
342.00	-0.004	0.005	0.018	0.004	0.010	0.006	0.008	0.003	0.004	0.009	0.003
343.00	-0.004	0.005	0.018	0.004	0.010	0.006	0.008	0.004	0.004	0.010	0.003
344.00	-0.004	0.005	0.017	0.004	0.010	0.006	0.008	0.004	0.004	0.009	0.003
345.00	-0.004	0.005	0.017	0.004	0.010	0.006	0.008	0.003	0.004	0.009	0.003
346.00	-0.004	0.004	0.017	0.003	0.009	0.006	0.007	0.003	0.004	0.009	0.003
347.00	-0.004	0.004	0.017	0.004	0.009	0.006	0.007	0.003	0.004	0.009	0.003
348.00	-0.004	0.004	0.016	0.003	0.009	0.006	0.007	0.003	0.004	0.009	0.003
349.00	-0.004	0.004	0.016	0.003	0.009	0.006	0.007	0.003	0.004	0.009	0.003
350.00	-0.004	0.004	0.016	0.003	0.009	0.006	0.007	0.003	0.004	0.008	0.003
351.00	-0.004	0.004	0.016	0.003	0.009	0.006	0.007	0.003	0.004	0.008	0.003
352.00	-0.004	0.004	0.016	0.003	0.009	0.006	0.007	0.003	0.004	0.008	0.003
353.00	-0.004	0.004	0.016	0.003	0.009	0.005	0.007	0.003	0.004	0.008	0.003
354.00	-0.004	0.004	0.016	0.003	0.009	0.005	0.007	0.003	0.003	0.008	0.002
355.00	-0.004	0.004	0.015	0.003	0.009	0.005	0.007	0.003	0.003	0.008	0.002
356.00	-0.004	0.004	0.015	0.003	0.009	0.005	0.007	0.003	0.003	0.008	0.002
357.00	-0.004	0.004	0.015	0.003	0.008	0.005	0.007	0.002	0.003	0.008	0.002
358.00	-0.004	0.003	0.015	0.003	0.008	0.005	0.007	0.002	0.003	0.008	0.002
359.00	-0.004	0.004	0.015	0.003	0.008	0.005	0.006	0.002	0.003	0.008	0.002
360.00	-0.004	0.004	0.014	0.002	0.008	0.005	0.007	0.002	0.003	0.008	0.002
361.00	-0.004	0.004	0.014	0.003	0.008	0.005	0.006	0.002	0.003	0.008	0.002
362.00	-0.004	0.003	0.014	0.003	0.008	0.005	0.006	0.002	0.003	0.007	0.002
363.00	-0.003	0.003	0.014	0.003	0.008	0.005	0.006	0.002	0.003	0.008	0.002
364.00	-0.003	0.003	0.014	0.002	0.008	0.005	0.006	0.002	0.003	0.007	0.002
365.00	-0.004	0.003	0.014	0.002	0.008	0.005	0.006	0.002	0.003	0.007	0.001
366.00	-0.004	0.003	0.014	0.002	0.008	0.004	0.006	0.002	0.003	0.007	0.002
367.00	-0.004	0.003	0.014	0.002	0.008	0.004	0.006	0.002	0.003	0.007	0.001
368.00	-0.003	0.003	0.013	0.002	0.008	0.004	0.006	0.002	0.003	0.007	0.001
369.00	-0.003	0.003	0.013	0.002	0.007	0.004	0.005	0.002	0.003	0.007	0.001
370.00	-0.003	0.003	0.013	0.002	0.007	0.004	0.005	0.002	0.003	0.007	0.001
371.00	-0.003	0.003	0.013	0.002	0.007	0.004	0.005	0.002	0.003	0.007	0.001
372.00	-0.003	0.003	0.013	0.002	0.007	0.004	0.005	0.002	0.003	0.006	0.001
373.00	-0.003	0.003	0.013	0.002	0.007	0.004	0.005	0.002	0.003	0.007	0.001
374.00	-0.003	0.003	0.013	0.002	0.007	0.004	0.005	0.002	0.002	0.006	0.001
375.00	-0.003	0.003	0.013	0.002	0.007	0.004	0.005	0.001	0.002	0.006	0.001
376.00	-0.003	0.003	0.012	0.002	0.007	0.004	0.005	0.001	0.002	0.006	0.001
377.00	-0.003	0.003	0.012	0.002	0.007	0.004	0.005	0.001	0.002	0.006	0.001
378.00	-0.003	0.003	0.012	0.002	0.007	0.004	0.005	0.001	0.002	0.006	0.001
379.00	-0.003	0.003	0.012	0.002	0.007	0.004	0.005	0.001	0.002	0.006	0.001
380.00	-0.003	0.003	0.012	0.002	0.007	0.004	0.005	0.001	0.002	0.006	0.001
381.00	-0.003	0.003	0.012	0.002	0.007	0.003	0.004	0.001	0.002	0.006	0.001
382.00	-0.003	0.003	0.012	0.002	0.006	0.003	0.004	0.001	0.002	0.006	0.001
383.00	-0.003	0.003	0.012	0.002	0.006	0.003	0.004	0.001	0.002	0.006	0.001
384.00	-0.003	0.002	0.012	0.002	0.006	0.003	0.004	0.001	0.002	0.006	0.001
385.00	-0.003	0.002	0.011	0.002	0.006	0.003	0.004	0.001	0.002	0.006	0.001
386.00	-0.003	0.003	0.011	0.001	0.006	0.003	0.004	0.001	0.002	0.006	0.001
387.00	-0.002	0.002	0.011	0.001	0.006	0.003	0.004	0.001	0.002	0.005	0.001
388.00	-0.002	0.002	0.011	0.001	0.006	0.003	0.004	0.001	0.002	0.005	0.001
389.00	-0.002	0.002	0.011	0.001	0.006	0.003	0.004	0.001	0.002	0.005	0.001
390.00	-0.002	0.002	0.011	0.001	0.006	0.003	0.004	0.001	0.002	0.005	0.001
391.00	-0.002	0.002	0.011	0.001	0.006	0.003	0.004	0.001	0.002	0.005	0.001
392.00	-0.002	0.002	0.011	0.001	0.006	0.003	0.004	0.001	0.002	0.005	0.001
393.00	-0.002	0.002	0.010	0.001	0.006	0.003	0.004	0.001	0.002	0.005	0.001
394.00	-0.002	0.002	0.010	0.001	0.006	0.003	0.004	0.001	0.002	0.005	0.001
395.00	-0.002	0.002	0.010	0.001	0.006	0.003	0.004	0.001	0.002	0.005	0.001
396.00	-0.002	0.002	0.010	0.001	0.006	0.003	0.004	0.001	0.002	0.005	0.001
397.00	-0.002	0.002	0.010	0.001	0.006	0.003	0.004	0.001	0.002	0.005	0.001
398.00	-0.002	0.002	0.010	0.001	0.006	0.003	0.004	0.001	0.002	0.005	0.001
399.00	-0.002	0.002	0.010	0.001	0.006	0.003	0.003	0.001	0.002	0.005	0.001
400.00	-0.002	0.002	0.010	0.001	0.006	0.003	0.003	0.001	0.002	0.005	0.001
401.00	-0.002	0.002	0.010	0.001	0.005	0.003	0.003	0.000	0.001	0.005	0.001
402.00	-0.002	0.002	0.010	0.001	0.006	0.003	0.003	0.001	0.002	0.005	0.001
403.00	-0.002	0.002	0.010	0.001	0.005	0.003	0.003	0.000	0.002	0.005	0.001
404.00	-0.002	0.002	0.010	0.001	0.005	0.003	0.003	0.001	0.002	0.005	0.001
405.00	-0.002	0.002	0.009	0.001	0.005	0.003	0.003	0.001	0.002	0.004	0.001
406.00	-0.002	0.002	0.009	0.001	0.006	0.003	0.003	0.001	0.002	0.005	0.001
407.00	-0.002	0.002	0.009	0.001	0.005	0.003	0.003	0.001	0.002	0.005	0.001
408.00	-0.002	0.002	0.009	0.001	0.005	0.003	0.003	0.001	0.002	0.005	0.001
409.00	-0.002	0.002	0.009	0.001	0.005	0.003	0.003	0.001	0.002	0.004	0.000
410.00	-0.002	0.002	0.009	0.001	0.005	0.003	0.003	0.001	0.001	0.004	0.001
411.00	-0.002	0.002	0.009	0.001	0.005	0.003	0.003	0.001	0.001	0.004	0.000
412.00	-0.002	0.002	0.009	0.001	0.005	0.003	0.003	0.001	0.002	0.004	0.000
413.00	-0.002	0.002	0.009	0.001	0.005	0.003	0.003	0.001	0.002	0.004	0.000
414.00	-0.002	0.002	0.009	0.001	0.005	0.003	0.003	0.001	0.002	0.005	0.001
415.00	-0.002	0.002	0.009	0.001	0.005	0.003	0.003	0.001	0.002	0.004	0.001
416.00	-0.002	0.002	0.009	0.001	0.005	0.003	0.003	0.001	0.002	0.005	0.001
417.00	-0.002	0.002	0.009	0.001	0.005	0.003	0.003	0.001	0.002	0.005	0.001
418.00	-0.002	0.002	0.009	0.001	0.005	0.003	0.003	0.001	0.002	0.005	0.000
419.00	-0.002	0.002	0.009	0.001	0.005	0.003	0.003	0.001	0.002	0.004	0.000
420.00	-0.002	0.002	0.008	0.001	0.005	0.003	0.003	0.001	0.002	0.004	0.000
421.00	-0.002	0.002	0.008	0.001	0.005	0.002	0.003	0.001	0.002	0.004	0.000
422.00	-0.002	0.002	0.008	0.001	0.005	0.003	0.003	0.001	0.002	0.004	0.000
423.00	-0.002	0.002	0.008	0.001	0.005	0.003	0.003	0.001	0.002	0.004	0.000
424.00	-0.002	0.002	0.008	0.001	0.005	0.003	0.003	0.001	0.002	0.004	0.000
425.00	-0.002	0.002	0.008	0.001	0.005	0.003	0.003	0.001	0.002	0.004	0.000
426.00	-0.002	0.002	0.008	0.001	0.005	0.003	0.003	0.000	0.002	0.004	0.000
427.00	-0.001	0.002	0.008	0.001	0.005	0.003	0.003	0.001	0.002	0.004	0.001
428.00	-0.001	0.002	0.008	0.001	0.005	0.002	0.003	0.000	0.002	0.004	0.000
429.00	-0.002	0.001	0.008	0.001	0.005	0.002	0.003	0.000	0.001	0.004	0.000
430.00	-0.002	0.002	0.008	0.001	0.005	0.002	0.003	0.000	0.001	0.004	0.000
431.00	-0.001	0.002	0.008	0.001	0.005	0.002	0.003	0.000	0.002	0.004	0.000
432.00	-0.001	0.002	0.008	0.001	0.005	0.002	0.003	0.001	0.002	0.004	0.000
433.00	-0.001	0.002	0.008	0.001	0.005	0.002	0.003	0.001	0.002	0.004	0.000
434.00	-0.001	0.002	0.008	0.001	0.005	0.002	0.003	0.000	0.001	0.004	0.000
435.00	-0.001	0.002	0.008	0.001	0.005	0.002	0.003	0.000	0.001	0.004	0.000
436.00	-0.001	0.002	0.007	0.001	0.005	0.002	0.003	0.000	0.001	0.004	0.000
437.00	-0.001	0.002	0.007	0.001	0.005	0.002	0.003	0.001	0.001	0.004	0.000
438.00	-0.001	0.002	0.007	0.001	0.005	0.002	0.003	0.001	0.001	0.004	0.000
439.00	-0.001	0.002	0.007	0.001	0.005	0.002	0.003	0.000	0.001	0.004	0.000
440.00	-0.001	0.001	0.007	0.001	0.004	0.002	0.002	0.000	0.001	0.004	0.000
441.00	-0.001	0.002	0.007	0.001	0.004	0.002	0.002	0.000	0.001	0.004	0.000
442.00	-0.001	0.002	0.007	0.001	0.004	0.002	0.002	0.000	0.001	0.004	0.000
443.00	-0.001	0.002	0.007	0.001	0.004	0.002	0.002	0.000	0.001	0.004	0.000
444.00	-0.001	0.002	0.007	0.001	0.005	0.002	0.002	0.000	0.001	0.004	0.000
445.00	-0.001	0.001	0.007	0.001	0.004	0.002	0.002	0.000	0.001	0.004	0.000
446.00	-0.001	0.001	0.007	0.001	0.004	0.002	0.002	0.000	0.001	0.004	0.000
447.00	-0.001	0.001	0.007	0.001	0.004	0.002	0.002	0.000	0.001	0.004	0.000
448.00	-0.001	0.001	0.007	0.001	0.004	0.002	0.002	0.000	0.001	0.004	0.000
449.00	-0.001	0.001	0.007	0.001	0.004	0.002	0.002	0.000	0.001	0.004	0.000
450.00	-0.001	0.001	0.007	0.001	0.004	0.002	0.002	0.000	0.001	0.004	0.000
451.00	-0.001	0.001	0.007	0.001	0.004	0.002	0.002	0.000	0.001	0.004	0.000
452.00	-0.001	0.001	0.007	0.001	0.004	0.002	0.002	0.000	0.001	0.003	0.000
453.00	-0.001	0.001	0.007	0.001	0.004	0.002	0.002	0.000	0.001	0.003	0.000
454.00	-0.001	0.001	0.007	0.001	0.004	0.002	0.002	0.000	0.001	0.003	0.000
455.00	-0.001	0.001	0.007	0.001	0.004	0.002	0.002	0.000	0.001	0.003	0.000
456.00	-0.001	0.001	0.007	0.001	0.004	0.002	0.002	0.000	0.001	0.004	0.000
457.00	-0.001	0.002	0.007	0.001	0.004	0.002	0.002	0.000	0.001	0.004	0.000
458.00	-0.001	0.001	0.006	0.001	0.004	0.002	0.002	0.000	0.001	0.003	0.000
459.00	-0.001	0.001	0.006	0.001	0.004	0.002	0.002	0.000	0.001	0.003	0.000
460.00	-0.001	0.001	0.006	0.001	0.004	0.002	0.002	0.000	0.001	0.003	0.000
461.00	-0.001	0.001	0.006	0.001	0.004	0.002	0.002	0.000	0.001	0.003	0.000
462.00	-0.001	0.001	0.006	0.001	0.004	0.002	0.002	0.000	0.001	0.003	0.000
463.00	-0.001	0.001	0.006	0.001	0.004	0.002	0.002	0.000	0.001	0.003	0.000
464.00	-0.001	0.001	0.006	0.001	0.004	0.002	0.002	0.000	0.001	0.003	0.000
465.00	-0.001	0.001	0.006	0.001	0.004	0.002	0.002	0.000	0.001	0.003	0.000
466.00	-0.001	0.001	0.006	0.001	0.004	0.002	0.002	0.000	0.001	0.003	0.000
467.00	-0.001	0.001	0.006	0.001	0.004	0.002	0.002	0.000	0.001	0.003	0.000
468.00	-0.001	0.001	0.006	0.001	0.004	0.002	0.002	0.000	0.001	0.003	0.000
469.00	-0.001	0.001	0.006	0.001	0.004	0.002	0.002	0.000	0.001	0.003	0.000
470.00	-0.001	0.001	0.006	0.001	0.004	0.002	0.002	0.000	0.001	0.003	0.000
471.00	-0.001	0.001	0.006	0.001	0.004	0.002	0.002	0.000	0.001	0.003	0.000
472.00	-0.001	0.001	0.006	0.001	0.004	0.002	0.002	0.000	0.001	0.003	0.000
473.00	-0.001	0.001	0.006	0.001	0.004	0.002	0.002	0.000	0.001	0.003	0.000
474.00	-0.001	0.001	0.006	0.001	0.004	0.002	0.002	0.000	0.001	0.003	0.000
475.00	-0.001	0.001	0.006	0.000	0.004	0.002	0.002	0.000	0.001	0.003	0.000
476.00	-0.001	0.001	0.006	0.001	0.004	0.002	0.002	0.000	0.001	0.003	0.000
477.00	-0.001	0.001	0.006	0.001	0.004	0.002	0.002	0.000	0.001	0.003	0.000
478.00	-0.001	0.001	0.006	0.000	0.004	0.002	0.002	0.000	0.001	0.003	0.000
479.00	-0.001	0.001	0.006	0.000	0.004	0.002	0.002	0.000	0.001	0.003	0.000
480.00	-0.001	0.001	0.006	0.001	0.004	0.002	0.002	0.000	0.001	0.003	0.000
481.00	-0.001	0.001	0.006	0.001	0.004	0.002	0.002	0.000	0.001	0.003	0.000
482.00	-0.001	0.001	0.006	0.000	0.004	0.002	0.002	0.000	0.001	0.003	0.000
483.00	-0.001	0.001	0.006	0.000	0.004	0.002	0.002	0.000	0.001	0.003	-0.000
484.00	-0.001	0.001	0.006	0.000	0.004	0.002	0.002	0.000	0.001	0.003	-0.000
485.00	-0.001	0.001	0.006	0.001	0.004	0.002	0.002	0.000	0.001	0.003	0.000
486.00	-0.001	0.001	0.006	0.000	0.004	0.002	0.002	0.000	0.001	0.003	0.000
487.00	-0.001	0.001	0.006	0.000	0.004	0.002	0.002	0.000	0.001	0.003	0.000
488.00	-0.001	0.001	0.005	0.000	0.004	0.002	0.002	0.000	0.001	0.003	0.000
489.00	-0.001	0.001	0.005	0.000	0.004	0.002	0.002	0.000	0.001	0.003	0.000
490.00	-0.001	0.001	0.005	0.000	0.003	0.002	0.002	0.000	0.001	0.003	0.000
491.00	-0.001	0.001	0.005	0.000	0.003	0.002	0.002	0.000	0.001	0.003	0.000
492.00	-0.001	0.001	0.005	0.001	0.003	0.002	0.002	0.000	0.001	0.003	0.000
493.00	-0.001	0.001	0.005	0.000	0.003	0.002	0.002	0.000	0.001	0.003	0.000
494.00	-0.001	0.001	0.005	0.000	0.003	0.002	0.002	-0.000	0.001	0.003	0.000
495.00	-0.001	0.001	0.005	0.000	0.003	0.002	0.002	0.000	0.001	0.003	0.000
496.00	-0.001	0.001	0.005	0.000	0.003	0.002	0.002	0.000	0.001	0.003	0.000
497.00	-0.001	0.001	0.005	0.000	0.003	0.002	0.002	0.000	0.001	0.003	0.000
498.00	-0.001	0.001	0.005	0.000	0.004	0.002	0.002	0.000	0.001	0.003	0.000
499.00	-0.001	0.001	0.005	0.000	0.004	0.002	0.002	0.000	0.001	0.003	0.000
500.00	-0.001	0.001	0.005	0.000	0.003	0.002	0.002	0.000	0.001	0.003	0.000
501.00	-0.001	0.001	0.005	0.000	0.004	0.002	0.002	0.000	0.001	0.003	0.000
502.00	-0.001	0.001	0.005	0.001	0.003	0.002	0.002	0.000	0.001	0.003	0.000
503.00	-0.001	0.001	0.005	0.000	0.003	0.002	0.002	0.000	0.001	0.003	0.000
504.00	-0.001	0.001	0.005	0.000	0.003	0.002	0.002	0.000	0.001	0.003	0.000
505.00	-0.001	0.001	0.005	0.000	0.004	0.002	0.002	0.000	0.001	0.003	0.000
506.00	-0.001	0.001	0.005	0.000	0.004	0.002	0.002	0.000	0.001	0.003	0.000
507.00	-0.001	0.001	0.005	0.000	0.003	0.002	0.002	0.000	0.001	0.003	0.000
508.00	-0.001	0.001	0.005	0.000	0.003	0.002	0.002	0.000	0.001	0.003	0.000
509.00	-0.001	0.001	0.005	0.000	0.003	0.002	0.002	0.000	0.001	0.003	0.000
510.00	-0.001	0.001	0.005	0.000	0.003	0.002	0.002	0.000	0.001	0.003	0.000
511.00	-0.001	0.001	0.005	0.000	0.003	0.002	0.002	0.000	0.001	0.003	0.000
512.00	-0.001	0.001	0.005	0.001	0.003	0.002	0.002	0.000	0.001	0.003	0.000
513.00	-0.001	0.001	0.005	0.000	0.003	0.002	0.002	0.000	0.001	0.003	0.000
514.00	-0.001	0.001	0.005	0.000	0.003	0.002	0.002	0.000	0.001	0.003	0.000
515.00	-0.001	0.001	0.005	0.000	0.003	0.002	0.002	0.000	0.001	0.003	0.000
516.00	-0.001	0.001	0.005	0.000	0.003	0.002	0.002	0.000	0.001	0.003	0.000
517.00	-0.001	0.001	0.005	0.000	0.003	0.002	0.002	0.000	0.001	0.003	0.000
518.00	-0.001	0.001	0.005	0.000	0.003	0.002	0.002	0.000	0.001	0.003	0.000
519.00	-0.001	0.001	0.005	0.000	0.003	0.002	0.002	0.000	0.001	0.003	0.000
520.00	-0.000	0.001	0.005	0.000	0.003	0.002	0.002	0.000	0.001	0.003	0.000
521.00	-0.000	0.001	0.005	0.001	0.004	0.002	0.002	0.000	0.001	0.003	0.000
522.00	-0.000	0.001	0.005	0.001	0.004	0.002	0.002	0.000	0.001	0.003	0.000
523.00	-0.001	0.001	0.005	0.000	0.004	0.002	0.002	0.000	0.001	0.003	0.000
524.00	-0.001	0.001	0.005	0.000	0.003	0.002	0.002	0.000	0.001	0.003	0.000
525.00	-0.001	0.001	0.005	0.000	0.003	0.002	0.002	0.000	0.001	0.003	0.000
526.00	-0.000	0.001	0.005	0.001	0.004	0.002	0.002	0.000	0.001	0.003	0.000
527.00	-0.001	0.001	0.004	0.000	0.003	0.002	0.002	0.000	0.001	0.003	0.000
528.00	-0.001	0.001	0.004	0.000	0.003	0.002	0.002	0.000	0.001	0.003	0.000
529.00	-0.001	0.001	0.004	0.000	0.003	0.002	0.002	0.000	0.001	0.003	0.000
530.00	-0.001	0.001	0.004	0.000	0.003	0.002	0.002	0.000	0.001	0.003	0.000
531.00	-0.001	0.001	0.004	0.000	0.003	0.002	0.001	0.000	0.001	0.003	0.000
532.00	-0.001	0.001	0.004	0.000	0.003	0.002	0.001	0.000	0.001	0.003	0.000
533.00	-0.001	0.001	0.004	0.000	0.003	0.002	0.002	0.000	0.001	0.003	0.000
534.00	-0.001	0.001	0.004	0.000	0.003	0.002	0.002	0.000	0.001	0.003	0.000
535.00	-0.000	0.001	0.005	0.001	0.004	0.002	0.002	0.000	0.001	0.003	0.000
536.00	0.001	0.002	0.006	0.002	0.005	0.003	0.003	0.001	0.002	0.004	0.001
537.00	-0.000	0.001	0.005	0.001	0.004	0.002	0.002	0.000	0.001	0.003	0.000
538.00	-0.001	0.001	0.004	0.000	0.003	0.002	0.001	0.000	0.001	0.003	0.000
539.00	-0.000	0.001	0.004	0.000	0.003	0.002	0.001	0.000	0.001	0.003	0.000
540.00	-0.000	0.001	0.004	0.000	0.003	0.002	0.002	0.000	0.001	0.003	0.000
541.00	-0.000	0.001	0.004	0.000	0.003	0.002	0.001	0.000	0.001	0.003	0.000
542.00	-0.000	0.001	0.004	0.000	0.003	0.002	0.002	0.000	0.001	0.003	0.000
543.00	-0.000	0.001	0.004	0.001	0.003	0.002	0.002	0.000	0.001	0.003	0.000
544.00	-0.000	0.001	0.004	0.000	0.003	0.002	0.001	0.000	0.001	0.003	0.000
545.00	-0.000	0.001	0.004	0.000	0.003	0.002	0.002	0.000	0.001	0.003	0.000
546.00	-0.000	0.001	0.004	0.000	0.003	0.002	0.001	0.000	0.001	0.003	0.000
547.00	-0.000	0.001	0.004	0.001	0.003	0.002	0.002	0.000	0.001	0.003	0.000
548.00	-0.000	0.001	0.004	0.000	0.003	0.002	0.001	0.000	0.001	0.003	0.000
549.00	-0.000	0.001	0.004	0.000	0.003	0.002	0.001	0.000	0.001	0.003	0.000
550.00	-0.000	0.001	0.004	0.000	0.003	0.002	0.001	0.000	0.001	0.003	0.000
551.00	-0.000	0.001	0.004	0.000	0.003	0.002	0.001	0.000	0.001	0.003	0.000
552.00	-0.000	0.001	0.004	0.000	0.003	0.002	0.001	0.000	0.001	0.003	0.000
553.00	-0.000	0.001	0.004	0.000	0.003	0.002	0.001	0.000	0.001	0.003	0.000
554.00	-0.000	0.001	0.004	0.000	0.003	0.002	0.001	0.000	0.001	0.003	0.000
555.00	-0.000	0.001	0.004	0.000	0.003	0.002	0.001	0.000	0.001	0.003	0.000
556.00	-0.000	0.001	0.004	0.000	0.003	0.002	0.001	0.000	0.001	0.003	0.000
557.00	-0.000	0.001	0.004	0.000	0.003	0.002	0.001	0.000	0.001	0.003	0.000
558.00	-0.000	0.001	0.004	0.000	0.003	0.002	0.001	0.000	0.001	0.003	0.000
559.00	-0.000	0.001	0.004	0.000	0.003	0.002	0.001	0.000	0.001	0.003	0.000
560.00	-0.000	0.001	0.004	0.000	0.003	0.001	0.001	0.000	0.001	0.003	0.000
561.00	-0.000	0.001	0.004	0.000	0.003	0.002	0.001	0.000	0.001	0.003	0.000
562.00	-0.000	0.001	0.004	0.000	0.003	0.001	0.001	0.000	0.001	0.003	0.000
563.00	-0.000	0.001	0.004	0.000	0.003	0.001	0.001	-0.000	0.001	0.003	0.000
564.00	-0.000	0.001	0.004	0.000	0.003	0.002	0.001	0.000	0.001	0.003	0.000
565.00	-0.000	0.001	0.004	0.001	0.003	0.002	0.001	0.000	0.001	0.003	0.000
566.00	-0.000	0.001	0.004	0.001	0.003	0.002	0.001	0.000	0.001	0.003	0.000
567.00	-0.000	0.001	0.004	0.001	0.003	0.001	0.001	0.000	0.001	0.003	0.000
568.00	-0.000	0.001	0.004	0.001	0.003	0.001	0.001	0.000	0.001	0.003	0.000
569.00	-0.000	0.001	0.004	0.001	0.003	0.001	0.001	0.000	0.001	0.003	0.000
570.00	-0.000	0.001	0.004	0.001	0.003	0.002	0.001	0.000	0.001	0.003	0.000
571.00	-0.000	0.001	0.004	0.001	0.003	0.001	0.001	0.000	0.001	0.003	0.000
572.00	-0.000	0.001	0.004	0.000	0.003	0.001	0.001	0.000	0.001	0.003	0.000
573.00	-0.000	0.001	0.004	0.001	0.003	0.002	0.001	0.000	0.001	0.003	0.000
574.00	-0.000	0.001	0.004	0.001	0.003	0.001	0.001	0.000	0.001	0.003	0.000
575.00	-0.000	0.001	0.004	0.000	0.003	0.001	0.001	0.000	0.001	0.003	0.000
576.00	-0.000	0.001	0.004	0.001	0.003	0.001	0.001	0.000	0.001	0.003	0.000
577.00	-0.000	0.001	0.004	0.001	0.003	0.002	0.001	0.000	0.001	0.003	0.000
578.00	-0.000	0.001	0.004	0.000	0.003	0.001	0.001	-0.000	0.001	0.003	0.000
579.00	-0.000	0.001	0.004	0.000	0.003	0.002	0.001	0.000	0.001	0.003	0.000
580.00	-0.000	0.001	0.004	0.001	0.003	0.002	0.001	0.000	0.001	0.003	0.000
581.00	-0.000	0.001	0.004	0.001	0.003	0.002	0.001	0.000	0.001	0.003	0.000
582.00	-0.000	0.001	0.004	0.001	0.003	0.002	0.001	0.000	0.001	0.003	0.000
583.00	-0.000	0.001	0.004	0.001	0.003	0.001	0.001	-0.000	0.001	0.003	0.000
584.00	-0.000	0.001	0.004	0.000	0.003	0.001	0.001	-0.000	0.001	0.003	0.000
585.00	-0.000	0.001	0.004	0.000	0.003	0.001	0.001	-0.000	0.001	0.003	0.000
586.00	-0.000	0.001	0.004	0.000	0.003	0.001	0.001	-0.000	0.001	0.003	0.000
587.00	-0.000	0.001	0.004	0.000	0.003	0.001	0.001	-0.000	0.001	0.003	0.000
588.00	-0.000	0.001	0.004	0.000	0.003	0.001	0.001	-0.000	0.001	0.003	0.000
589.00	-0.000	0.001	0.004	0.000	0.003	0.001	0.001	-0.000	0.001	0.003	0.000
590.00	-0.000	0.001	0.004	0.000	0.003	0.001	0.001	-0.000	0.001	0.003	0.000
591.00	-0.000	0.001	0.004	0.000	0.003	0.001	0.001	-0.000	0.001	0.003	0.000
592.00	-0.000	0.001	0.004	0.000	0.003	0.001	0.001	-0.000	0.001	0.003	0.000
593.00	-0.000	0.001	0.004	0.001	0.003	0.001	0.001	-0.000	0.001	0.003	0.000
594.00	-0.000	0.001	0.004	0.000	0.003	0.001	0.001	-0.000	0.001	0.003	0.000
595.00	-0.000	0.001	0.004	0.000	0.003	0.001	0.001	-0.000	0.001	0.003	0.000
596.00	-0.000	0.001	0.004	0.000	0.003	0.001	0.001	0.000	0.001	0.003	0.000
597.00	-0.000	0.001	0.004	0.000	0.003	0.001	0.001	-0.000	0.001	0.003	0.000
598.00	-0.000	0.001	0.004	0.000	0.003	0.001	0.001	-0.000	0.001	0.003	0.000
599.00	-0.000	0.001	0.004	0.000	0.003	0.001	0.001	-0.000	0.001	0.003	0.000
600.00	-0.000	0.001	0.004	0.000	0.003	0.001	0.001	-0.000	0.001	0.003	0.000
601.00	-0.000	0.001	0.004	0.000	0.003	0.001	0.001	-0.000	0.001	0.003	0.000
602.00	-0.000	0.001	0.004	0.000	0.003	0.001	0.001	-0.000	0.001	0.003	0.000
603.00	-0.000	0.001	0.004	0.000	0.003	0.001	0.001	0.000	0.001	0.003	0.000
604.00	-0.000	0.001	0.004	0.000	0.003	0.001	0.001	0.000	0.001	0.003	0.000
605.00	-0.000	0.001	0.003	0.000	0.003	0.001	0.001	0.000	0.001	0.003	0.000
606.00	-0.000	0.001	0.003	0.000	0.003	0.001	0.001	0.000	0.001	0.003	0.000
607.00	-0.000	0.001	0.004	0.000	0.003	0.001	0.001	-0.000	0.001	0.003	0.000
608.00	-0.000	0.001	0.004	0.001	0.003	0.001	0.001	0.000	0.001	0.003	0.000
609.00	-0.000	0.001	0.003	0.000	0.003	0.001	0.001	-0.000	0.001	0.003	0.000
610.00	-0.000	0.001	0.003	0.000	0.003	0.001	0.001	0.000	0.001	0.003	0.000
611.00	-0.000	0.001	0.004	0.001	0.003	0.001	0.001	0.000	0.001	0.003	0.000
612.00	-0.000	0.001	0.004	0.001	0.003	0.001	0.001	0.000	0.001	0.003	0.000
613.00	-0.000	0.001	0.003	0.001	0.003	0.001	0.001	0.000	0.001	0.003	0.000
614.00	-0.000	0.001	0.003	0.000	0.003	0.001	0.001	-0.000	0.001	0.003	0.000
615.00	-0.000	0.001	0.003	0.000	0.003	0.001	0.001	-0.000	0.001	0.003	0.000
616.00	-0.000	0.001	0.003	0.000	0.003	0.001	0.001	0.000	0.001	0.003	0.000
617.00	-0.000	0.001	0.003	0.000	0.003	0.001	0.001	0.000	0.001	0.003	0.000
618.00	-0.000	0.001	0.003	0.000	0.003	0.001	0.001	0.000	0.001	0.003	0.000
619.00	-0.000	0.001	0.003	0.000	0.003	0.001	0.001	0.000	0.001	0.003	0.000
620.00	-0.000	0.001	0.003	0.000	0.003	0.001	0.001	0.000	0.001	0.003	0.000
621.00	-0.000	0.001	0.003	0.000	0.003	0.001	0.001	0.000	0.001	0.003	0.000
622.00	-0.000	0.001	0.003	0.000	0.003	0.001	0.001	0.000	0.001	0.003	0.000
623.00	-0.000	0.001	0.003	0.000	0.003	0.001	0.001	0.000	0.001	0.003	0.000
624.00	-0.000	0.001	0.003	0.000	0.003	0.001	0.001	0.000	0.001	0.003	0.000
625.00	-0.000	0.001	0.003	0.000	0.003	0.001	0.001	0.000	0.001	0.003	0.000
626.00	-0.000	0.001	0.003	0.000	0.003	0.001	0.001	0.000	0.001	0.003	0.000
627.00	-0.000	0.001	0.003	0.000	0.003	0.001	0.001	0.000	0.001	0.003	0.000
628.00	-0.000	0.001	0.003	0.000	0.003	0.001	0.001	0.000	0.001	0.003	0.000
629.00	-0.000	0.001	0.003	0.000	0.003	0.001	0.001	0.000	0.001	0.003	0.000
630.00	-0.000	0.001	0.003	0.000	0.003	0.001	0.001	0.000	0.001	0.003	0.000
631.00	-0.000	0.001	0.003	0.000	0.003	0.001	0.001	0.000	0.001	0.003	0.000
632.00	-0.000	0.001	0.003	0.000	0.003	0.001	0.001	0.000	0.001	0.003	0.000
633.00	-0.000	0.001	0.003	0.000	0.003	0.001	0.001	0.000	0.001	0.003	0.000
634.00	-0.000	0.001	0.003	0.000	0.003	0.001	0.001	0.000	0.001	0.003	0.000
635.00	-0.000	0.001	0.003	0.000	0.003	0.002	0.001	0.000	0.001	0.003	0.000
636.00	-0.000	0.001	0.003	0.000	0.003	0.001	0.001	0.000	0.001	0.003	0.000
637.00	-0.000	0.001	0.003	0.000	0.003	0.001	0.001	0.000	0.001	0.003	0.000
638.00	-0.000	0.001	0.003	0.000	0.003	0.001	0.001	-0.000	0.001	0.003	0.000
639.00	-0.000	0.001	0.003	0.000	0.003	0.001	0.001	-0.000	0.001	0.003	-0.000
640.00	-0.000	0.001	0.003	0.000	0.003	0.001	0.001	0.000	0.001	0.003	0.000
641.00	-0.000	0.001	0.003	0.000	0.003	0.001	0.001	-0.000	0.001	0.003	0.000
642.00	-0.000	0.001	0.003	0.000	0.003	0.001	0.001	0.000	0.001	0.003	0.000
643.00	-0.000	0.001	0.003	0.000	0.003	0.001	0.001	0.000	0.001	0.003	-0.000
644.00	-0.000	0.001	0.003	0.000	0.003	0.001	0.001	0.000	0.001	0.003	0.000
645.00	-0.000	0.001	0.003	0.000	0.003	0.001	0.001	0.000	0.001	0.003	0.000
646.00	-0.000	0.001	0.003	0.000	0.003	0.001	0.001	0.000	0.001	0.003	0.000
647.00	-0.000	0.001	0.003	0.000	0.003	0.001	0.001	0.000	0.001	0.003	0.000
648.00	-0.000	0.001	0.003	0.000	0.003	0.001	0.001	0.000	0.001	0.003	0.000
649.00	-0.000	0.001	0.003	0.000	0.003	0.001	0.001	0.000	0.001	0.003	0.000
650.00	-0.000	0.001	0.003	0.000	0.003	0.001	0.001	0.000	0.001	0.003	0.000
651.00	-0.000	0.001	0.003	0.000	0.003	0.001	0.001	0.000	0.001	0.003	0.000
652.00	-0.000	0.001	0.003	0.000	0.003	0.001	0.001	0.000	0.001	0.003	0.000
653.00	-0.000	0.001	0.003	0.000	0.003	0.002	0.001	0.000	0.001	0.003	0.000
654.00	-0.000	0.001	0.003	0.000	0.003	0.001	0.001	0.000	0.001	0.003	0.000
655.00	-0.000	0.001	0.003	0.001	0.003	0.002	0.001	0.000	0.001	0.003	0.000
656.00	-0.000	0.001	0.003	0.001	0.003	0.002	0.001	0.000	0.001	0.003	0.000
657.00	-0.000	0.001	0.003	0.000	0.003	0.002	0.001	0.000	0.001	0.003	0.000
658.00	-0.000	0.001	0.003	0.001	0.003	0.002	0.001	0.000	0.001	0.003	0.000
659.00	-0.000	0.001	0.003	0.000	0.003	0.001	0.001	0.000	0.001	0.003	0.000
660.00	-0.000	0.001	0.003	0.000	0.003	0.001	0.001	0.000	0.001	0.003	0.000
661.00	-0.000	0.001	0.003	0.000	0.003	0.002	0.001	0.000	0.001	0.003	0.000
662.00	-0.000	0.001	0.003	0.000	0.003	0.001	0.001	0.000	0.001	0.003	0.000
663.00	-0.000	0.001	0.003	0.000	0.003	0.002	0.001	0.000	0.001	0.003	0.000
664.00	-0.000	0.001	0.003	0.000	0.003	0.002	0.001	0.000	0.001	0.003	0.000
665.00	-0.000	0.001	0.003	0.000	0.003	0.002	0.001	0.000	0.001	0.003	0.000
666.00	-0.000	0.001	0.003	0.000	0.003	0.002	0.001	0.000	0.001	0.003	0.000
667.00	-0.000	0.001	0.003	0.000	0.003	0.002	0.001	0.000	0.001	0.003	0.000
668.00	-0.000	0.001	0.003	0.001	0.003	0.002	0.001	0.000	0.001	0.003	0.000
669.00	-0.000	0.001	0.003	0.001	0.003	0.002	0.001	0.000	0.001	0.003	0.000
670.00	-0.000	0.001	0.003	0.001	0.003	0.002	0.001	0.000	0.001	0.003	0.000
671.00	-0.000	0.001	0.003	0.001	0.003	0.002	0.001	0.000	0.001	0.003	0.000
672.00	-0.000	0.001	0.003	0.001	0.003	0.002	0.001	0.000	0.001	0.003	0.000
673.00	-0.000	0.001	0.003	0.000	0.003	0.002	0.001	0.000	0.001	0.003	0.000
674.00	-0.000	0.001	0.003	0.000	0.003	0.002	0.001	0.000	0.001	0.003	0.000
675.00	-0.000	0.001	0.003	0.001	0.003	0.002	0.002	0.000	0.001	0.003	0.000
676.00	-0.000	0.001	0.003	0.001	0.003	0.002	0.002	0.000	0.001	0.003	0.000
677.00	-0.000	0.001	0.003	0.000	0.003	0.002	0.001	0.000	0.001	0.003	0.000
678.00	-0.000	0.001	0.003	0.000	0.003	0.002	0.001	0.000	0.001	0.003	0.000
679.00	-0.000	0.001	0.003	0.000	0.003	0.001	0.001	0.000	0.001	0.003	0.000
680.00	-0.000	0.001	0.003	0.000	0.003	0.002	0.001	0.000	0.001	0.003	0.000
681.00	-0.000	0.001	0.003	0.000	0.003	0.002	0.001	0.000	0.001	0.003	0.000
682.00	-0.000	0.001	0.003	0.001	0.003	0.001	0.001	0.000	0.001	0.003	0.000
683.00	-0.000	0.001	0.003	0.000	0.003	0.001	0.001	0.000	0.001	0.003	0.000
684.00	-0.000	0.001	0.003	0.000	0.003	0.002	0.001	0.000	0.001	0.003	0.000
685.00	-0.000	0.001	0.003	0.001	0.003	0.002	0.001	0.000	0.001	0.003	0.000
686.00	-0.000	0.001	0.003	0.000	0.002	0.001	0.001	0.000	0.001	0.003	0.000
687.00	-0.000	0.001	0.003	0.000	0.003	0.001	0.001	0.000	0.001	0.003	0.000
688.00	-0.000	0.001	0.003	0.000	0.003	0.002	0.001	0.000	0.001	0.003	0.000
689.00	-0.000	0.001	0.003	0.001	0.003	0.002	0.001	0.000	0.001	0.003	0.000
690.00	-0.000	0.001	0.003	0.000	0.003	0.001	0.001	0.000	0.001	0.003	0.000
691.00	-0.000	0.001	0.003	0.001	0.002	0.001	0.001	0.000	0.001	0.003	0.000
692.00	-0.000	0.001	0.003	0.001	0.002	0.001	0.001	0.000	0.001	0.003	0.000
693.00	-0.000	0.001	0.003	0.000	0.002	0.001	0.001	0.000	0.001	0.003	0.000
694.00	-0.000	0.001	0.003	0.000	0.002	0.001	0.001	0.000	0.001	0.003	0.000
695.00	-0.000	0.001	0.003	0.001	0.002	0.001	0.001	0.000	0.001	0.003	0.000
696.00	-0.000	0.001	0.003	0.001	0.002	0.001	0.001	0.000	0.001	0.003	0.000
697.00	-0.000	0.001	0.003	0.000	0.002	0.001	0.001	0.000	0.001	0.003	0.000
698.00	-0.000	0.001	0.003	0.001	0.002	0.001	0.001	0.000	0.001	0.003	0.000
699.00	-0.000	0.001	0.003	0.001	0.002	0.002	0.001	0.000	0.001	0.003	0.000
700.00	-0.000	0.001	0.003	0.001	0.002	0.002	0.001	0.000	0.001	0.003	0.000
701.00	-0.000	0.001	0.003	0.000	0.002	0.002	0.001	0.000	0.001	0.003	0.000
702.00	-0.000	0.001	0.003	0.000	0.002	0.002	0.001	0.000	0.001	0.003	0.000
703.00	-0.000	0.001	0.003	0.000	0.002	0.001	0.001	0.000	0.001	0.003	0.000
704.00	-0.000	0.001	0.003	0.001	0.002	0.001	0.001	0.000	0.001	0.003	0.000
705.00	-0.000	0.001	0.003	0.000	0.002	0.001	0.001	0.000	0.001	0.003	0.000
706.00	-0.000	0.001	0.003	0.001	0.002	0.001	0.001	0.000	0.001	0.003	0.000
707.00	-0.000	0.001	0.003	0.001	0.002	0.001	0.001	0.000	0.001	0.003	0.000
708.00	-0.000	0.001	0.003	0.000	0.002	0.001	0.001	0.000	0.001	0.003	0.000
709.00	-0.000	0.001	0.003	0.001	0.002	0.001	0.001	0.000	0.001	0.003	0.000
710.00	-0.000	0.001	0.003	0.000	0.002	0.001	0.001	0.000	0.001	0.003	0.000
711.00	-0.000	0.001	0.003	0.000	0.002	0.001	0.001	0.000	0.001	0.003	0.000
712.00	-0.000	0.001	0.003	0.000	0.002	0.001	0.001	0.000	0.001	0.003	0.000
713.00	-0.000	0.001	0.003	0.000	0.002	0.001	0.001	0.000	0.001	0.003	0.000
714.00	-0.000	0.001	0.003	0.000	0.002	0.001	0.001	0.000	0.001	0.002	0.000
715.00	-0.000	0.001	0.003	0.000	0.002	0.001	0.001	0.000	0.001	0.003	0.000
716.00	-0.000	0.001	0.003	0.000	0.002	0.001	0.001	0.000	0.001	0.003	0.000
717.00	-0.000	0.001	0.003	0.000	0.002	0.001	0.001	0.000	0.001	0.003	0.000
718.00	-0.000	0.001	0.003	0.000	0.002	0.001	0.001	0.000	0.001	0.003	0.000
719.00	-0.000	0.001	0.003	0.000	0.002	0.001	0.001	0.000	0.001	0.003	0.000
720.00	-0.000	0.001	0.003	0.000	0.002	0.001	0.001	0.000	0.001	0.002	0.000
721.00	-0.000	0.001	0.003	0.000	0.002	0.001	0.001	0.000	0.001	0.002	0.000
722.00	-0.000	0.001	0.003	0.000	0.002	0.001	0.001	-0.000	0.001	0.002	0.000
723.00	-0.000	0.001	0.003	0.000	0.002	0.001	0.001	0.000	0.001	0.002	0.000
724.00	-0.000	0.001	0.003	0.000	0.002	0.001	0.001	0.000	0.001	0.002	0.000
725.00	-0.000	0.001	0.003	0.000	0.002	0.001	0.001	0.000	0.001	0.002	0.000
726.00	-0.000	0.001	0.003	0.000	0.002	0.001	0.001	0.000	0.001	0.002	0.000
727.00	-0.000	0.001	0.003	0.000	0.002	0.001	0.001	0.000	0.001	0.002	0.000
728.00	-0.000	0.001	0.003	0.000	0.002	0.001	0.001	0.000	0.001	0.002	0.000
729.00	-0.000	0.001	0.003	0.000	0.002	0.001	0.001	-0.000	0.001	0.002	0.000
730.00	-0.000	0.001	0.003	0.000	0.002	0.001	0.001	-0.000	0.001	0.002	0.000
731.00	-0.000	0.001	0.003	0.000	0.002	0.001	0.001	0.000	0.001	0.002	0.000
732.00	-0.000	0.001	0.003	0.000	0.002	0.001	0.001	-0.000	0.001	0.002	0.000
733.00	-0.000	0.001	0.003	0.000	0.002	0.001	0.001	-0.000	0.001	0.002	0.000
734.00	-0.000	0.001	0.003	0.000	0.002	0.001	0.001	-0.000	0.001	0.002	0.000
735.00	-0.000	0.001	0.003	0.000	0.003	0.001	0.001	-0.000	0.001	0.002	0.000
736.00	-0.000	0.001	0.003	0.000	0.003	0.001	0.001	-0.000	0.001	0.002	0.000
737.00	-0.000	0.001	0.003	0.000	0.002	0.001	0.001	-0.000	0.001	0.002	-0.000
738.00	-0.000	0.001	0.003	0.000	0.002	0.001	0.001	-0.000	0.001	0.002	-0.000
739.00	-0.000	0.001	0.003	0.000	0.002	0.001	0.001	-0.000	0.001	0.002	0.000
740.00	-0.000	0.001	0.003	0.000	0.002	0.001	0.001	-0.000	0.001	0.002	0.000
741.00	-0.000	0.001	0.003	0.000	0.002	0.001	0.001	0.000	0.001	0.002	0.000
742.00	-0.000	0.001	0.003	0.000	0.002	0.001	0.001	-0.000	0.001	0.002	0.000
743.00	-0.000	0.001	0.003	0.000	0.002	0.001	0.001	-0.000	0.001	0.002	0.000
744.00	-0.000	0.001	0.003	0.000	0.002	0.001	0.001	-0.000	0.001	0.002	0.000
745.00	-0.000	0.001	0.003	0.000	0.002	0.001	0.001	-0.000	0.001	0.002	0.000
746.00	-0.000	0.001	0.003	0.000	0.002	0.001	0.001	-0.000	0.001	0.002	0.000
747.00	-0.000	0.001	0.003	0.000	0.002	0.001	0.001	-0.000	0.001	0.002	0.000
748.00	-0.000	0.001	0.003	0.000	0.002	0.001	0.001	-0.000	0.001	0.002	0.000
749.00	-0.000	0.001	0.003	0.000	0.002	0.001	0.001	-0.000	0.001	0.002	0.000
750.00	-0.000	0.001	0.003	0.000	0.002	0.001	0.001	-0.000	0.001	0.002	0.000
751.00	-0.000	0.001	0.003	0.000	0.002	0.001	0.001	-0.000	0.001	0.002	0.000
752.00	-0.000	0.001	0.003	0.000	0.002	0.001	0.001	-0.000	0.001	0.002	0.000
753.00	-0.000	0.001	0.003	0.000	0.002	0.001	0.001	-0.000	0.001	0.002	0.000
754.00	-0.000	0.001	0.003	0.000	0.002	0.001	0.001	-0.000	0.001	0.002	0.000
755.00	-0.000	0.001	0.003	0.000	0.002	0.001	0.001	-0.000	0.001	0.002	0.000
756.00	-0.000	0.001	0.003	0.000	0.002	0.001	0.001	-0.000	0.001	0.002	0.000
757.00	-0.000	0.001	0.003	0.000	0.002	0.001	0.001	-0.000	0.001	0.002	0.000
758.00	-0.000	0.001	0.003	0.000	0.002	0.001	0.001	-0.000	0.001	0.002	0.000
759.00	0.000	0.001	0.003	0.001	0.002	0.001	0.001	0.000	0.001	0.002	0.000
760.00	0.001	0.002	0.004	0.002	0.003	0.002	0.002	0.001	0.002	0.003	0.001
761.00	0.000	0.001	0.003	0.001	0.002	0.001	0.001	0.000	0.001	0.002	0.000
762.00	-0.000	0.001	0.003	0.000	0.002	0.001	0.001	-0.000	0.001	0.002	0.000
763.00	-0.000	0.001	0.003	0.000	0.002	0.001	0.001	-0.000	0.001	0.002	0.000
764.00	-0.000	0.001	0.003	0.000	0.002	0.001	0.001	-0.000	0.001	0.002	0.000
765.00	-0.000	0.001	0.003	0.000	0.002	0.001	0.001	-0.000	0.001	0.002	0.000
766.00	-0.000	0.001	0.003	0.000	0.002	0.001	0.001	-0.000	0.001	0.002	0.000
767.00	-0.000	0.001	0.003	0.000	0.002	0.001	0.001	-0.000	0.001	0.002	0.000
768.00	-0.000	0.001	0.003	0.000	0.002	0.001	0.001	-0.000	0.001	0.002	0.000
769.00	-0.000	0.001	0.003	0.000	0.002	0.001	0.001	0.000	0.001	0.002	0.000
770.00	-0.000	0.001	0.003	0.000	0.002	0.001	0.001	0.000	0.001	0.002	0.000
771.00	-0.000	0.001	0.003	0.000	0.002	0.001	0.001	0.000	0.001	0.002	0.000
772.00	-0.000	0.001	0.003	0.000	0.002	0.001	0.001	0.000	0.001	0.002	0.000
773.00	-0.000	0.001	0.003	0.000	0.002	0.001	0.001	0.000	0.001	0.002	0.000
774.00	-0.000	0.001	0.003	0.000	0.002	0.001	0.001	0.000	0.001	0.002	0.000
775.00	-0.000	0.001	0.003	0.000	0.002	0.001	0.001	-0.000	0.001	0.002	0.000
776.00	-0.000	0.001	0.003	0.000	0.002	0.001	0.001	-0.000	0.001	0.002	0.000
777.00	-0.000	0.001	0.003	0.000	0.002	0.001	0.001	0.000	0.001	0.002	0.000
778.00	-0.000	0.001	0.003	0.000	0.002	0.001	0.001	0.000	0.001	0.002	0.000
779.00	-0.000	0.001	0.003	0.000	0.002	0.001	0.001	0.000	0.001	0.002	0.000
780.00	-0.000	0.001	0.003	0.000	0.002	0.001	0.001	0.000	0.001	0.002	0.000
781.00	-0.000	0.001	0.003	0.000	0.002	0.001	0.001	0.000	0.001	0.002	0.000
782.00	-0.000	0.001	0.003	0.000	0.002	0.001	0.001	0.000	0.001	0.002	0.000
783.00	-0.000	0.001	0.003	0.000	0.002	0.001	0.001	0.000	0.001	0.002	0.000
784.00	-0.000	0.001	0.003	0.000	0.002	0.001	0.001	0.000	0.001	0.002	0.000
785.00	-0.000	0.001	0.003	0.001	0.002	0.001	0.001	0.000	0.001	0.002	0.000
786.00	-0.000	0.001	0.003	0.001	0.002	0.001	0.001	0.000	0.001	0.002	0.000
787.00	-0.000	0.001	0.003	0.000	0.002	0.001	0.001	0.000	0.001	0.002	0.000
788.00	-0.000	0.001	0.003	0.000	0.002	0.001	0.001	0.000	0.001	0.002	0.000
789.00	-0.000	0.001	0.003	0.001	0.002	0.001	0.001	0.000	0.001	0.002	0.000
790.00	-0.000	0.001	0.003	0.001	0.002	0.001	0.001	0.000	0.001	0.002	0.000
791.00	-0.000	0.001	0.003	0.001	0.002	0.001	0.001	0.000	0.001	0.002	0.000
792.00	-0.000	0.001	0.003	0.001	0.002	0.001	0.001	0.000	0.001	0.002	0.000
793.00	-0.000	0.001	0.003	0.000	0.002	0.001	0.001	0.000	0.001	0.002	0.000
794.00	-0.000	0.001	0.003	0.000	0.002	0.001	0.001	0.000	0.001	0.002	0.000
795.00	-0.000	0.001	0.003	0.000	0.002	0.001	0.001	0.000	0.001	0.002	0.000
796.00	-0.000	0.001	0.003	0.000	0.002	0.001	0.001	0.000	0.001	0.002	0.000
797.00	-0.000	0.001	0.003	0.000	0.002	0.001	0.001	0.000	0.001	0.002	0.000
798.00	-0.000	0.001	0.003	0.000	0.002	0.001	0.001	0.000	0.001	0.002	0.000
799.00	-0.000	0.001	0.003	0.001	0.002	0.001	0.001	0.000	0.001	0.002	0.000
800.00	-0.000	0.001	0.003	0.000	0.002	0.001	0.001	0.000	0.001	0.002	0.000
801.00	-0.000	0.001	0.003	0.000	0.002	0.001	0.001	0.000	0.001	0.002	0.000
802.00	-0.000	0.001	0.003	0.001	0.002	0.001	0.001	0.000	0.001	0.002	0.000
803.00	-0.000	0.001	0.003	0.001	0.002	0.001	0.001	0.000	0.001	0.002	0.000
804.00	-0.000	0.001	0.003	0.001	0.002	0.001	0.001	0.000	0.001	0.002	0.000
805.00	-0.000	0.001	0.003	0.001	0.002	0.001	0.001	0.000	0.001	0.002	0.000
806.00	-0.000	0.001	0.003	0.001	0.002	0.001	0.001	0.000	0.001	0.002	0.000
807.00	-0.000	0.001	0.003	0.001	0.002	0.001	0.001	0.000	0.001	0.002	0.000
808.00	-0.000	0.001	0.003	0.001	0.002	0.001	0.001	0.000	0.001	0.002	0.000
809.00	-0.000	0.001	0.003	0.001	0.002	0.001	0.001	0.000	0.001	0.002	0.000
810.00	-0.000	0.001	0.003	0.001	0.002	0.001	0.001	0.000	0.001	0.002	0.000
811.00	-0.000	0.001	0.003	0.001	0.002	0.001	0.001	0.000	0.001	0.002	0.000
812.00	-0.000	0.001	0.003	0.001	0.002	0.001	0.001	0.000	0.001	0.002	0.000
813.00	-0.000	0.001	0.003	0.000	0.002	0.001	0.001	0.000	0.001	0.002	0.000
814.00	-0.000	0.001	0.003	0.001	0.002	0.001	0.001	0.000	0.001	0.002	0.000
815.00	-0.000	0.001	0.003	0.001	0.002	0.001	0.001	0.000	0.001	0.002	0.000
816.00	-0.000	0.001	0.003	0.001	0.002	0.001	0.001	0.000	0.001	0.002	0.000
817.00	-0.000	0.001	0.003	0.001	0.002	0.001	0.001	0.000	0.001	0.002	0.000
818.00	-0.000	0.001	0.003	0.001	0.002	0.001	0.001	0.000	0.001	0.002	0.000
819.00	-0.000	0.001	0.003	0.001	0.002	0.001	0.001	0.000	0.001	0.002	0.000
820.00	-0.000	0.001	0.003	0.001	0.002	0.001	0.001	0.000	0.001	0.002	0.000
821.00	-0.000	0.001	0.003	0.001	0.002	0.001	0.001	0.000	0.001	0.002	0.000
822.00	-0.000	0.001	0.003	0.001	0.002	0.001	0.001	0.000	0.001	0.002	0.000
823.00	-0.000	0.001	0.003	0.001	0.002	0.001	0.001	0.000	0.001	0.002	0.000
824.00	-0.000	0.001	0.003	0.001	0.002	0.001	0.001	0.000	0.001	0.002	0.000
825.00	-0.000	0.001	0.003	0.001	0.002	0.001	0.001	0.000	0.001	0.002	0.000
826.00	-0.000	0.001	0.003	0.001	0.002	0.001	0.001	0.000	0.001	0.002	0.000
827.00	0.000	0.001	0.003	0.001	0.002	0.001	0.001	0.000	0.001	0.002	0.000
828.00	0.000	0.001	0.003	0.001	0.002	0.001	0.001	0.000	0.001	0.002	0.000
829.00	-0.000	0.001	0.003	0.001	0.002	0.001	0.001	0.000	0.001	0.002	0.000
830.00	0.000	0.001	0.003	0.001	0.002	0.001	0.001	0.000	0.001	0.002	0.000
831.00	-0.000	0.001	0.003	0.001	0.002	0.001	0.001	0.000	0.001	0.002	0.000
832.00	-0.000	0.001	0.003	0.000	0.002	0.001	0.001	0.000	0.001	0.002	0.000
833.00	-0.000	0.001	0.003	0.000	0.002	0.001	0.001	0.000	0.001	0.002	0.000
834.00	0.000	0.001	0.003	0.001	0.002	0.001	0.001	0.000	0.001	0.002	0.000
835.00	0.000	0.001	0.003	0.001	0.002	0.001	0.001	0.000	0.001	0.002	0.000
836.00	0.000	0.001	0.003	0.001	0.002	0.001	0.001	0.000	0.001	0.002	0.000
837.00	0.000	0.001	0.003	0.001	0.002	0.001	0.001	0.000	0.001	0.002	0.000
838.00	0.000	0.001	0.002	0.001	0.002	0.001	0.001	0.000	0.001	0.002	0.000
839.00	0.000	0.001	0.003	0.001	0.002	0.001	0.001	0.000	0.001	0.002	0.000
840.00	0.000	0.001	0.002	0.000	0.002	0.001	0.001	0.000	0.001	0.002	0.000
841.00	0.000	0.001	0.002	0.001	0.002	0.001	0.001	0.000	0.001	0.002	0.000
842.00	0.000	0.001	0.003	0.001	0.002	0.001	0.001	0.000	0.001	0.002	0.000
843.00	0.000	0.001	0.002	0.000	0.002	0.001	0.001	0.000	0.001	0.002	0.000
844.00	0.000	0.001	0.003	0.001	0.002	0.001	0.001	0.000	0.001	0.002	0.000
845.00	0.000	0.001	0.002	0.001	0.002	0.001	0.001	0.000	0.001	0.002	0.000
846.00	-0.000	0.001	0.002	0.000	0.002	0.001	0.001	0.000	0.001	0.002	0.000
847.00	-0.000	0.001	0.002	0.000	0.002	0.001	0.001	0.000	0.001	0.002	0.000
848.00	0.000	0.001	0.003	0.001	0.002	0.001	0.001	0.000	0.001	0.002	0.000
849.00	0.000	0.001	0.002	0.001	0.002	0.001	0.001	0.000	0.001	0.002	0.000
850.00	0.000	0.001	0.002	0.001	0.002	0.001	0.001	0.000	0.001	0.002	0.000
