190.00	0.031	0.337	0.402	0.326	0.296	0.315	0.319	0.333	0.452	0.200
191.00	0.028	0.315	0.371	0.301	0.284	0.293	0.298	0.308	0.418	0.192
192.00	0.028	0.292	0.344	0.278	0.273	0.269	0.276	0.285	0.386	0.186
193.00	0.026	0.267	0.311	0.253	0.260	0.245	0.251	0.260	0.351	0.178
194.00	0.025	0.247	0.287	0.233	0.250	0.226	0.232	0.240	0.324	0.171
195.00	0.024	0.226	0.265	0.213	0.239	0.208	0.213	0.220	0.298	0.166
196.00	0.023	0.211	0.247	0.197	0.232	0.193	0.197	0.205	0.275	0.161
197.00	0.022	0.195	0.230	0.183	0.224	0.179	0.183	0.191	0.256	0.156
198.00	0.021	0.182	0.215	0.169	0.216	0.165	0.170	0.178	0.238	0.151
199.00	0.021	0.171	0.202	0.159	0.209	0.155	0.161	0.168	0.224	0.148
200.00	0.020	0.161	0.191	0.150	0.203	0.146	0.152	0.158	0.212	0.145
201.00	0.019	0.152	0.180	0.141	0.196	0.137	0.143	0.149	0.201	0.141
202.00	0.018	0.143	0.171	0.133	0.190	0.129	0.135	0.141	0.191	0.137
203.00	0.017	0.136	0.164	0.127	0.184	0.122	0.129	0.135	0.183	0.135
204.00	0.017	0.130	0.157	0.120	0.179	0.116	0.124	0.128	0.176	0.132
205.00	0.016	0.124	0.150	0.115	0.173	0.111	0.118	0.123	0.170	0.128
206.00	0.015	0.118	0.145	0.110	0.168	0.106	0.113	0.118	0.164	0.125
207.00	0.015	0.114	0.140	0.106	0.163	0.102	0.110	0.114	0.159	0.123
208.00	0.014	0.110	0.135	0.102	0.158	0.098	0.106	0.110	0.155	0.119
209.00	0.014	0.106	0.131	0.098	0.152	0.094	0.102	0.106	0.150	0.116
210.00	0.013	0.102	0.126	0.094	0.147	0.091	0.099	0.103	0.146	0.113
211.00	0.013	0.099	0.123	0.091	0.142	0.088	0.096	0.100	0.143	0.110
212.00	0.012	0.096	0.119	0.088	0.137	0.085	0.093	0.097	0.139	0.107
213.00	0.012	0.093	0.115	0.085	0.132	0.082	0.090	0.094	0.135	0.103
214.00	0.012	0.090	0.112	0.083	0.127	0.080	0.088	0.091	0.132	0.100
215.00	0.011	0.087	0.108	0.080	0.122	0.077	0.085	0.089	0.129	0.097
216.00	0.011	0.084	0.105	0.078	0.117	0.075	0.083	0.086	0.125	0.093
217.00	0.011	0.082	0.102	0.075	0.113	0.073	0.081	0.084	0.122	0.090
218.00	0.011	0.080	0.099	0.073	0.109	0.071	0.079	0.082	0.120	0.087
219.00	0.011	0.078	0.096	0.072	0.106	0.069	0.077	0.080	0.117	0.085
220.00	0.011	0.076	0.094	0.070	0.102	0.067	0.075	0.078	0.115	0.082
221.00	0.010	0.075	0.091	0.068	0.098	0.066	0.073	0.077	0.112	0.079
222.00	0.010	0.073	0.089	0.067	0.096	0.064	0.072	0.075	0.110	0.077
223.00	0.010	0.072	0.087	0.065	0.092	0.063	0.071	0.074	0.108	0.075
224.00	0.010	0.070	0.085	0.064	0.090	0.061	0.069	0.072	0.106	0.073
225.00	0.010	0.068	0.083	0.062	0.087	0.060	0.068	0.071	0.103	0.071
226.00	0.010	0.067	0.081	0.061	0.084	0.059	0.066	0.070	0.101	0.069
227.00	0.010	0.066	0.079	0.060	0.082	0.057	0.065	0.068	0.099	0.067
228.00	0.010	0.064	0.077	0.059	0.079	0.056	0.064	0.067	0.097	0.066
229.00	0.010	0.063	0.075	0.057	0.077	0.055	0.063	0.066	0.096	0.064
230.00	0.009	0.062	0.074	0.056	0.075	0.054	0.061	0.064	0.094	0.062
231.00	0.009	0.060	0.072	0.055	0.073	0.053	0.060	0.063	0.092	0.061
232.00	0.009	0.059	0.070	0.054	0.071	0.052	0.059	0.062	0.091	0.060
233.00	0.009	0.058	0.069	0.053	0.070	0.051	0.058	0.061	0.089	0.059
234.00	0.009	0.057	0.068	0.052	0.068	0.050	0.057	0.060	0.088	0.058
235.00	0.009	0.056	0.067	0.051	0.067	0.049	0.056	0.059	0.086	0.057
236.00	0.009	0.055	0.066	0.050	0.065	0.048	0.055	0.058	0.085	0.056
237.00	0.009	0.054	0.065	0.049	0.064	0.047	0.055	0.057	0.084	0.055
238.00	0.009	0.053	0.064	0.049	0.063	0.047	0.054	0.056	0.082	0.054
239.00	0.008	0.052	0.063	0.048	0.062	0.046	0.053	0.055	0.081	0.053
240.00	0.009	0.051	0.062	0.047	0.061	0.045	0.052	0.054	0.081	0.053
241.00	0.009	0.051	0.061	0.047	0.060	0.045	0.052	0.054	0.080	0.052
242.00	0.008	0.050	0.060	0.046	0.059	0.044	0.051	0.053	0.078	0.051
243.00	0.008	0.049	0.059	0.045	0.058	0.043	0.050	0.052	0.078	0.050
244.00	0.008	0.048	0.059	0.045	0.057	0.043	0.050	0.051	0.077	0.050
245.00	0.008	0.048	0.058	0.044	0.056	0.042	0.049	0.051	0.076	0.049
246.00	0.008	0.047	0.058	0.044	0.056	0.042	0.049	0.050	0.075	0.048
247.00	0.008	0.047	0.057	0.043	0.055	0.041	0.048	0.050	0.074	0.048
248.00	0.008	0.046	0.056	0.043	0.054	0.041	0.048	0.049	0.074	0.047
249.00	0.008	0.046	0.056	0.042	0.054	0.040	0.047	0.049	0.073	0.047
250.00	0.008	0.045	0.055	0.042	0.053	0.040	0.047	0.048	0.072	0.046
251.00	0.008	0.045	0.055	0.042	0.053	0.040	0.046	0.048	0.072	0.046
252.00	0.008	0.044	0.054	0.041	0.052	0.039	0.046	0.048	0.071	0.046
253.00	0.007	0.044	0.054	0.040	0.051	0.039	0.046	0.047	0.070	0.045
254.00	0.007	0.043	0.053	0.040	0.051	0.039	0.045	0.046	0.070	0.044
255.00	0.007	0.043	0.053	0.040	0.051	0.038	0.045	0.046	0.069	0.044
256.00	0.007	0.043	0.053	0.039	0.050	0.038	0.044	0.046	0.069	0.044
257.00	0.007	0.042	0.052	0.039	0.050	0.037	0.044	0.045	0.068	0.043
258.00	0.007	0.042	0.052	0.038	0.049	0.037	0.044	0.045	0.068	0.043
259.00	0.007	0.041	0.051	0.038	0.049	0.037	0.043	0.044	0.067	0.042
260.00	0.007	0.041	0.051	0.038	0.049	0.036	0.043	0.044	0.066	0.042
261.00	0.007	0.041	0.050	0.037	0.048	0.036	0.042	0.044	0.066	0.042
262.00	0.007	0.040	0.050	0.037	0.048	0.035	0.042	0.043	0.065	0.041
263.00	0.007	0.040	0.050	0.036	0.047	0.035	0.041	0.043	0.064	0.041
264.00	0.007	0.039	0.049	0.036	0.047	0.034	0.041	0.042	0.064	0.040
265.00	0.007	0.038	0.049	0.035	0.047	0.034	0.040	0.042	0.063	0.040
266.00	0.007	0.038	0.048	0.035	0.046	0.034	0.040	0.041	0.062	0.040
267.00	0.007	0.037	0.048	0.034	0.046	0.033	0.039	0.041	0.062	0.039
268.00	0.007	0.037	0.047	0.034	0.046	0.033	0.039	0.040	0.061	0.039
269.00	0.007	0.036	0.047	0.033	0.045	0.032	0.038	0.040	0.060	0.039
270.00	0.007	0.035	0.046	0.033	0.045	0.031	0.037	0.039	0.059	0.038
271.00	0.007	0.035	0.045	0.032	0.044	0.031	0.037	0.038	0.059	0.038
272.00	0.007	0.034	0.045	0.031	0.044	0.030	0.036	0.038	0.058	0.037
273.00	0.007	0.033	0.044	0.031	0.043	0.029	0.035	0.037	0.057	0.037
274.00	0.007	0.033	0.044	0.030	0.043	0.029	0.035	0.036	0.056	0.037
275.00	0.006	0.032	0.043	0.029	0.042	0.028	0.034	0.036	0.055	0.036
276.00	0.006	0.031	0.042	0.029	0.042	0.027	0.033	0.035	0.054	0.036
277.00	0.006	0.030	0.042	0.028	0.041	0.027	0.032	0.034	0.054	0.035
278.00	0.006	0.030	0.041	0.027	0.041	0.026	0.031	0.034	0.053	0.035
279.00	0.006	0.029	0.040	0.026	0.041	0.025	0.031	0.033	0.052	0.034
280.00	0.006	0.028	0.040	0.026	0.040	0.024	0.030	0.032	0.051	0.034
281.00	0.006	0.027	0.039	0.025	0.039	0.024	0.029	0.031	0.050	0.033
282.00	0.006	0.027	0.038	0.024	0.039	0.023	0.029	0.031	0.050	0.033
283.00	0.006	0.026	0.038	0.023	0.038	0.022	0.028	0.030	0.049	0.033
284.00	0.006	0.025	0.037	0.023	0.038	0.022	0.027	0.029	0.048	0.032
285.00	0.006	0.024	0.036	0.022	0.037	0.021	0.026	0.029	0.047	0.032
286.00	0.006	0.024	0.036	0.021	0.037	0.020	0.026	0.028	0.046	0.031
287.00	0.006	0.023	0.035	0.020	0.036	0.020	0.025	0.027	0.046	0.031
288.00	0.006	0.022	0.034	0.020	0.036	0.019	0.024	0.027	0.045	0.031
289.00	0.006	0.022	0.034	0.019	0.035	0.018	0.023	0.026	0.044	0.030
290.00	0.006	0.021	0.033	0.019	0.034	0.017	0.023	0.025	0.043	0.030
291.00	0.006	0.020	0.032	0.018	0.034	0.017	0.022	0.024	0.043	0.029
292.00	0.006	0.020	0.032	0.017	0.033	0.016	0.022	0.024	0.042	0.029
293.00	0.006	0.019	0.031	0.017	0.032	0.016	0.021	0.023	0.041	0.029
294.00	0.006	0.018	0.031	0.016	0.032	0.015	0.020	0.023	0.041	0.028
295.00	0.006	0.018	0.030	0.016	0.031	0.015	0.020	0.022	0.040	0.028
296.00	0.006	0.017	0.030	0.015	0.031	0.014	0.020	0.022	0.040	0.027
297.00	0.006	0.017	0.029	0.015	0.030	0.014	0.019	0.021	0.039	0.027
298.00	0.006	0.016	0.028	0.014	0.030	0.014	0.019	0.021	0.038	0.027
299.00	0.006	0.016	0.028	0.013	0.029	0.013	0.018	0.020	0.038	0.026
300.00	0.005	0.015	0.027	0.013	0.028	0.012	0.017	0.020	0.037	0.026
301.00	0.005	0.015	0.027	0.013	0.028	0.012	0.017	0.019	0.037	0.026
302.00	0.006	0.014	0.027	0.012	0.028	0.012	0.017	0.019	0.036	0.025
303.00	0.005	0.014	0.026	0.012	0.027	0.011	0.016	0.018	0.035	0.025
304.00	0.005	0.013	0.025	0.011	0.026	0.011	0.016	0.018	0.035	0.025
305.00	0.005	0.013	0.025	0.011	0.026	0.010	0.015	0.017	0.034	0.024
306.00	0.005	0.011	0.023	0.009	0.024	0.009	0.014	0.016	0.033	0.023
307.00	0.005	0.010	0.023	0.008	0.024	0.008	0.013	0.016	0.033	0.023
308.00	0.004	0.010	0.022	0.008	0.023	0.008	0.012	0.015	0.032	0.023
309.00	0.004	0.009	0.022	0.008	0.022	0.007	0.012	0.014	0.032	0.022
310.00	0.004	0.009	0.022	0.007	0.022	0.007	0.012	0.014	0.031	0.022
311.00	0.005	0.009	0.021	0.007	0.021	0.007	0.012	0.014	0.031	0.022
312.00	0.005	0.009	0.021	0.007	0.021	0.006	0.012	0.014	0.031	0.022
313.00	0.004	0.008	0.020	0.006	0.020	0.006	0.011	0.013	0.030	0.021
314.00	0.004	0.008	0.020	0.006	0.021	0.006	0.011	0.013	0.030	0.021
315.00	0.004	0.007	0.020	0.006	0.020	0.005	0.010	0.013	0.029	0.021
316.00	0.004	0.007	0.019	0.005	0.019	0.005	0.010	0.012	0.029	0.020
317.00	0.004	0.006	0.019	0.005	0.019	0.005	0.010	0.012	0.029	0.020
318.00	0.004	0.006	0.019	0.005	0.019	0.005	0.009	0.012	0.028	0.020
319.00	0.004	0.006	0.018	0.005	0.018	0.004	0.009	0.011	0.028	0.020
320.00	0.004	0.006	0.018	0.005	0.018	0.004	0.009	0.011	0.027	0.019
321.00	0.004	0.006	0.018	0.004	0.018	0.004	0.009	0.011	0.027	0.019
322.00	0.004	0.005	0.017	0.004	0.017	0.004	0.008	0.010	0.027	0.019
323.00	0.004	0.005	0.017	0.004	0.017	0.004	0.008	0.010	0.026	0.018
324.00	0.004	0.005	0.017	0.004	0.017	0.004	0.008	0.010	0.026	0.018
325.00	0.004	0.005	0.017	0.003	0.016	0.003	0.008	0.010	0.026	0.018
326.00	0.004	0.004	0.016	0.003	0.016	0.003	0.007	0.010	0.025	0.018
327.00	0.004	0.004	0.016	0.003	0.016	0.003	0.007	0.010	0.025	0.018
328.00	0.004	0.004	0.016	0.003	0.016	0.003	0.007	0.009	0.025	0.018
329.00	0.004	0.004	0.016	0.003	0.015	0.003	0.007	0.009	0.025	0.017
330.00	0.004	0.004	0.015	0.003	0.015	0.002	0.007	0.009	0.024	0.017
331.00	0.004	0.003	0.015	0.002	0.015	0.002	0.007	0.009	0.024	0.017
332.00	0.004	0.003	0.015	0.002	0.014	0.002	0.006	0.008	0.024	0.017
333.00	0.004	0.003	0.015	0.002	0.014	0.002	0.006	0.008	0.023	0.016
334.00	0.004	0.002	0.015	0.002	0.014	0.002	0.006	0.008	0.023	0.016
335.00	0.004	0.002	0.014	0.002	0.014	0.001	0.006	0.007	0.023	0.016
336.00	0.004	0.002	0.014	0.002	0.013	0.001	0.006	0.007	0.023	0.016
337.00	0.003	0.002	0.014	0.001	0.013	0.001	0.005	0.007	0.022	0.015
338.00	0.004	0.002	0.014	0.001	0.013	0.001	0.005	0.007	0.022	0.015
339.00	0.004	0.002	0.014	0.001	0.013	0.001	0.005	0.007	0.022	0.015
340.00	0.005	0.003	0.015	0.003	0.014	0.002	0.006	0.008	0.023	0.016
341.00	0.004	0.001	0.013	0.001	0.012	0.001	0.005	0.007	0.022	0.015
342.00	0.003	0.001	0.013	0.000	0.011	0.000	0.004	0.006	0.021	0.014
343.00	0.004	0.001	0.013	0.000	0.011	0.000	0.004	0.006	0.021	0.014
344.00	0.004	0.001	0.012	0.000	0.011	0.000	0.004	0.006	0.021	0.014
345.00	0.003	0.000	0.012	-0.000	0.011	0.000	0.004	0.005	0.021	0.014
346.00	0.003	-0.000	0.012	-0.000	0.010	-0.000	0.003	0.005	0.020	0.013
347.00	0.003	-0.000	0.011	-0.001	0.010	-0.001	0.003	0.005	0.020	0.013
348.00	0.003	-0.000	0.011	-0.001	0.010	-0.001	0.003	0.005	0.020	0.013
349.00	0.004	0.000	0.011	-0.001	0.010	-0.000	0.003	0.005	0.020	0.013
350.00	0.003	-0.000	0.011	-0.001	0.010	-0.001	0.003	0.005	0.019	0.013
351.00	0.003	-0.001	0.011	-0.001	0.009	-0.001	0.003	0.004	0.019	0.012
352.00	0.003	-0.001	0.011	-0.001	0.009	-0.001	0.003	0.004	0.019	0.012
353.00	0.003	-0.001	0.010	-0.001	0.009	-0.001	0.002	0.004	0.019	0.012
354.00	0.003	-0.001	0.010	-0.002	0.008	-0.001	0.002	0.004	0.018	0.012
355.00	0.003	-0.001	0.010	-0.002	0.009	-0.001	0.002	0.004	0.018	0.012
356.00	0.003	-0.002	0.010	-0.002	0.008	-0.002	0.002	0.003	0.018	0.012
357.00	0.003	-0.002	0.010	-0.002	0.008	-0.002	0.002	0.003	0.017	0.011
358.00	0.003	-0.002	0.009	-0.002	0.007	-0.002	0.002	0.003	0.017	0.011
359.00	0.002	-0.002	0.009	-0.002	0.007	-0.002	0.002	0.003	0.017	0.011
360.00	0.002	-0.002	0.009	-0.002	0.007	-0.002	0.001	0.003	0.017	0.011
361.00	0.002	-0.002	0.009	-0.003	0.007	-0.002	0.001	0.002	0.017	0.010
362.00	0.002	-0.003	0.008	-0.003	0.007	-0.002	0.001	0.002	0.017	0.010
363.00	0.002	-0.003	0.008	-0.003	0.007	-0.002	0.001	0.002	0.016	0.010
364.00	0.002	-0.003	0.008	-0.003	0.006	-0.003	0.001	0.002	0.016	0.010
365.00	0.002	-0.002	0.009	-0.003	0.006	-0.002	0.001	0.002	0.016	0.010
366.00	0.002	-0.003	0.009	-0.003	0.006	-0.002	0.001	0.002	0.016	0.010
367.00	0.002	-0.003	0.008	-0.003	0.006	-0.003	0.000	0.002	0.016	0.009
368.00	0.002	-0.003	0.008	-0.003	0.006	-0.003	0.001	0.002	0.015	0.009
369.00	0.002	-0.003	0.008	-0.003	0.005	-0.003	0.000	0.001	0.015	0.009
370.00	0.002	-0.003	0.008	-0.003	0.005	-0.003	0.000	0.001	0.015	0.009
371.00	0.002	-0.003	0.008	-0.003	0.005	-0.003	0.000	0.001	0.015	0.009
372.00	0.002	-0.003	0.007	-0.004	0.005	-0.003	0.000	0.001	0.015	0.009
373.00	0.002	-0.003	0.007	-0.004	0.005	-0.003	0.000	0.001	0.014	0.008
374.00	0.002	-0.004	0.007	-0.004	0.005	-0.004	-0.000	0.001	0.014	0.008
375.00	0.002	-0.004	0.007	-0.004	0.004	-0.004	-0.000	0.001	0.014	0.008
376.00	0.002	-0.004	0.007	-0.004	0.004	-0.003	0.000	0.001	0.014	0.008
377.00	0.002	-0.004	0.007	-0.004	0.004	-0.004	-0.000	0.001	0.014	0.008
378.00	0.002	-0.004	0.007	-0.004	0.004	-0.004	-0.000	0.000	0.014	0.008
379.00	0.002	-0.004	0.007	-0.004	0.004	-0.004	-0.000	0.000	0.014	0.008
380.00	0.002	-0.004	0.006	-0.004	0.004	-0.004	-0.001	0.000	0.013	0.007
381.00	0.002	-0.004	0.006	-0.004	0.003	-0.004	-0.001	-0.000	0.013	0.007
382.00	0.002	-0.005	0.006	-0.005	0.003	-0.004	-0.001	-0.000	0.013	0.007
383.00	0.002	-0.005	0.006	-0.004	0.003	-0.004	-0.001	-0.000	0.013	0.007
384.00	0.002	-0.005	0.006	-0.005	0.003	-0.004	-0.001	-0.000	0.013	0.007
385.00	0.002	-0.005	0.006	-0.005	0.003	-0.004	-0.001	-0.000	0.013	0.007
386.00	0.002	-0.005	0.005	-0.005	0.003	-0.004	-0.001	-0.001	0.012	0.007
387.00	0.002	-0.005	0.005	-0.005	0.003	-0.005	-0.002	-0.001	0.012	0.007
388.00	0.002	-0.005	0.005	-0.005	0.002	-0.005	-0.002	-0.001	0.012	0.006
389.00	0.002	-0.005	0.005	-0.005	0.002	-0.005	-0.002	-0.001	0.012	0.006
390.00	0.002	-0.005	0.005	-0.005	0.002	-0.005	-0.002	-0.001	0.012	0.006
391.00	0.002	-0.005	0.005	-0.005	0.002	-0.005	-0.002	-0.001	0.012	0.006
392.00	0.002	-0.005	0.005	-0.005	0.002	-0.005	-0.002	-0.001	0.012	0.006
393.00	0.001	-0.006	0.005	-0.005	0.002	-0.005	-0.002	-0.001	0.011	0.006
394.00	0.001	-0.006	0.005	-0.005	0.002	-0.005	-0.002	-0.001	0.011	0.006
395.00	0.001	-0.006	0.005	-0.005	0.001	-0.005	-0.002	-0.001	0.011	0.006
396.00	0.001	-0.006	0.005	-0.006	0.001	-0.005	-0.002	-0.002	0.011	0.006
397.00	0.001	-0.006	0.005	-0.006	0.001	-0.005	-0.002	-0.001	0.011	0.005
398.00	0.001	-0.006	0.004	-0.006	0.001	-0.005	-0.002	-0.002	0.011	0.005
399.00	0.001	-0.006	0.004	-0.006	0.001	-0.005	-0.002	-0.002	0.010	0.005
400.00	0.001	-0.006	0.004	-0.006	0.001	-0.005	-0.002	-0.002	0.010	0.005
401.00	0.001	-0.006	0.004	-0.006	0.001	-0.005	-0.003	-0.002	0.010	0.005
402.00	0.001	-0.006	0.004	-0.006	0.001	-0.005	-0.003	-0.002	0.010	0.005
403.00	0.001	-0.006	0.004	-0.006	0.001	-0.005	-0.003	-0.002	0.010	0.005
404.00	0.001	-0.006	0.004	-0.006	0.000	-0.006	-0.003	-0.002	0.010	0.005
405.00	0.001	-0.006	0.004	-0.006	0.000	-0.006	-0.003	-0.002	0.010	0.004
406.00	0.001	-0.006	0.004	-0.006	0.000	-0.006	-0.003	-0.002	0.010	0.005
407.00	0.001	-0.007	0.004	-0.006	0.000	-0.006	-0.003	-0.002	0.010	0.004
408.00	0.001	-0.007	0.003	-0.006	0.000	-0.006	-0.003	-0.002	0.009	0.004
409.00	0.001	-0.007	0.003	-0.006	0.000	-0.006	-0.003	-0.002	0.009	0.004
410.00	0.001	-0.007	0.003	-0.006	-0.000	-0.006	-0.003	-0.002	0.009	0.004
411.00	0.001	-0.007	0.003	-0.006	-0.000	-0.006	-0.003	-0.003	0.009	0.004
412.00	0.001	-0.007	0.003	-0.007	-0.000	-0.006	-0.003	-0.003	0.009	0.004
413.00	0.001	-0.007	0.003	-0.007	-0.000	-0.006	-0.003	-0.003	0.009	0.004
414.00	0.001	-0.007	0.003	-0.007	-0.000	-0.006	-0.003	-0.003	0.009	0.004
415.00	0.001	-0.007	0.003	-0.007	-0.001	-0.006	-0.003	-0.003	0.009	0.004
416.00	0.001	-0.007	0.003	-0.007	-0.000	-0.006	-0.003	-0.003	0.009	0.004
417.00	0.001	-0.007	0.003	-0.007	-0.001	-0.006	-0.004	-0.003	0.008	0.004
418.00	0.001	-0.007	0.003	-0.007	-0.001	-0.006	-0.004	-0.003	0.008	0.004
419.00	0.001	-0.007	0.002	-0.007	-0.001	-0.006	-0.004	-0.003	0.008	0.004
420.00	0.001	-0.007	0.003	-0.007	-0.001	-0.006	-0.004	-0.003	0.008	0.004
421.00	0.001	-0.007	0.002	-0.007	-0.001	-0.006	-0.004	-0.003	0.008	0.003
422.00	0.001	-0.007	0.002	-0.007	-0.001	-0.006	-0.004	-0.003	0.008	0.003
423.00	0.001	-0.007	0.002	-0.007	-0.001	-0.006	-0.004	-0.003	0.008	0.003
424.00	0.001	-0.007	0.002	-0.007	-0.001	-0.006	-0.004	-0.003	0.008	0.003
425.00	0.000	-0.008	0.002	-0.007	-0.001	-0.006	-0.004	-0.003	0.008	0.003
426.00	0.000	-0.008	0.002	-0.007	-0.001	-0.007	-0.004	-0.003	0.007	0.003
427.00	0.000	-0.008	0.002	-0.007	-0.001	-0.007	-0.004	-0.003	0.007	0.003
428.00	0.001	-0.008	0.002	-0.007	-0.002	-0.007	-0.004	-0.003	0.007	0.003
429.00	0.000	-0.008	0.002	-0.007	-0.002	-0.007	-0.004	-0.004	0.007	0.003
430.00	0.000	-0.008	0.002	-0.007	-0.002	-0.007	-0.004	-0.004	0.007	0.003
431.00	0.000	-0.008	0.002	-0.007	-0.002	-0.007	-0.004	-0.004	0.007	0.003
432.00	0.000	-0.008	0.002	-0.007	-0.002	-0.007	-0.004	-0.004	0.007	0.003
433.00	0.000	-0.008	0.002	-0.007	-0.002	-0.007	-0.004	-0.004	0.007	0.003
434.00	0.000	-0.008	0.002	-0.007	-0.002	-0.007	-0.005	-0.004	0.007	0.003
435.00	0.000	-0.008	0.001	-0.007	-0.002	-0.007	-0.005	-0.004	0.007	0.003
436.00	0.000	-0.008	0.001	-0.007	-0.002	-0.007	-0.005	-0.004	0.007	0.002
437.00	0.000	-0.008	0.001	-0.007	-0.002	-0.007	-0.005	-0.004	0.007	0.002
438.00	0.000	-0.008	0.001	-0.007	-0.002	-0.007	-0.005	-0.004	0.006	0.002
439.00	0.000	-0.008	0.001	-0.008	-0.002	-0.007	-0.005	-0.004	0.006	0.002
440.00	0.000	-0.008	0.001	-0.008	-0.002	-0.007	-0.005	-0.004	0.006	0.002
441.00	0.000	-0.008	0.001	-0.008	-0.002	-0.007	-0.005	-0.004	0.006	0.002
442.00	0.000	-0.008	0.001	-0.008	-0.002	-0.007	-0.005	-0.004	0.006	0.002
443.00	0.000	-0.008	0.001	-0.008	-0.002	-0.007	-0.005	-0.004	0.006	0.002
444.00	0.000	-0.008	0.001	-0.008	-0.003	-0.007	-0.005	-0.004	0.006	0.002
445.00	0.000	-0.008	0.001	-0.008	-0.003	-0.007	-0.005	-0.004	0.006	0.002
446.00	0.000	-0.008	0.001	-0.008	-0.002	-0.007	-0.005	-0.004	0.006	0.002
447.00	0.000	-0.008	0.001	-0.008	-0.002	-0.007	-0.005	-0.004	0.006	0.002
448.00	0.000	-0.008	0.001	-0.008	-0.003	-0.007	-0.005	-0.004	0.005	0.002
449.00	0.000	-0.008	0.001	-0.008	-0.003	-0.007	-0.005	-0.004	0.005	0.002
450.00	0.000	-0.008	0.001	-0.008	-0.003	-0.007	-0.005	-0.004	0.005	0.002
451.00	0.000	-0.009	0.001	-0.008	-0.003	-0.007	-0.005	-0.004	0.005	0.002
452.00	0.000	-0.009	0.001	-0.008	-0.003	-0.007	-0.005	-0.004	0.005	0.001
453.00	0.000	-0.009	0.000	-0.008	-0.003	-0.007	-0.005	-0.004	0.005	0.001
454.00	0.000	-0.009	0.001	-0.008	-0.003	-0.007	-0.005	-0.004	0.005	0.002
455.00	0.000	-0.009	0.000	-0.008	-0.003	-0.007	-0.005	-0.004	0.005	0.001
456.00	0.000	-0.009	0.000	-0.008	-0.003	-0.007	-0.005	-0.004	0.005	0.001
457.00	0.000	-0.009	0.000	-0.008	-0.003	-0.007	-0.005	-0.004	0.005	0.001
458.00	0.000	-0.009	0.000	-0.008	-0.003	-0.007	-0.005	-0.004	0.005	0.001
459.00	0.000	-0.009	0.000	-0.008	-0.003	-0.007	-0.005	-0.005	0.005	0.001
460.00	0.000	-0.009	0.000	-0.008	-0.003	-0.007	-0.005	-0.005	0.005	0.001
461.00	0.000	-0.009	0.000	-0.008	-0.003	-0.007	-0.005	-0.005	0.005	0.001
462.00	0.000	-0.009	0.000	-0.008	-0.003	-0.007	-0.005	-0.005	0.005	0.001
463.00	0.000	-0.009	0.000	-0.008	-0.003	-0.007	-0.005	-0.005	0.005	0.001
464.00	0.000	-0.009	-0.000	-0.008	-0.003	-0.007	-0.005	-0.005	0.005	0.001
465.00	0.000	-0.009	0.000	-0.008	-0.003	-0.007	-0.005	-0.005	0.004	0.001
466.00	0.000	-0.009	-0.000	-0.008	-0.004	-0.007	-0.005	-0.005	0.004	0.001
467.00	0.000	-0.009	-0.000	-0.008	-0.004	-0.008	-0.005	-0.005	0.004	0.001
468.00	0.000	-0.009	-0.000	-0.008	-0.004	-0.008	-0.005	-0.005	0.004	0.001
469.00	0.000	-0.009	-0.000	-0.008	-0.004	-0.007	-0.005	-0.005	0.004	0.001
470.00	0.000	-0.009	-0.000	-0.008	-0.004	-0.008	-0.005	-0.005	0.004	0.001
471.00	0.000	-0.009	-0.000	-0.008	-0.004	-0.008	-0.005	-0.005	0.004	0.001
472.00	0.000	-0.009	-0.000	-0.008	-0.004	-0.008	-0.005	-0.005	0.004	0.001
473.00	0.000	-0.009	-0.000	-0.008	-0.004	-0.008	-0.005	-0.005	0.004	0.001
474.00	0.000	-0.009	-0.000	-0.008	-0.004	-0.008	-0.005	-0.005	0.004	0.001
475.00	0.000	-0.009	-0.000	-0.008	-0.004	-0.008	-0.005	-0.005	0.004	0.001
476.00	0.000	-0.009	-0.001	-0.008	-0.004	-0.008	-0.006	-0.005	0.004	0.001
477.00	0.000	-0.009	-0.001	-0.009	-0.004	-0.008	-0.006	-0.005	0.004	0.001
478.00	0.000	-0.009	-0.001	-0.008	-0.004	-0.008	-0.006	-0.005	0.004	0.001
479.00	0.000	-0.009	-0.001	-0.008	-0.004	-0.008	-0.006	-0.005	0.004	0.001
480.00	0.000	-0.009	-0.001	-0.008	-0.004	-0.008	-0.006	-0.005	0.004	0.001
481.00	0.000	-0.009	-0.001	-0.009	-0.004	-0.008	-0.006	-0.005	0.004	0.000
482.00	0.000	-0.009	-0.001	-0.009	-0.004	-0.008	-0.006	-0.005	0.004	0.000
483.00	0.000	-0.009	-0.001	-0.009	-0.004	-0.008	-0.006	-0.005	0.003	0.000
484.00	0.000	-0.009	-0.001	-0.009	-0.004	-0.008	-0.006	-0.005	0.003	0.000
485.00	0.000	-0.009	-0.001	-0.009	-0.004	-0.008	-0.006	-0.005	0.003	0.000
486.00	-0.000	-0.009	-0.001	-0.009	-0.004	-0.008	-0.006	-0.005	0.003	0.000
487.00	-0.000	-0.009	-0.001	-0.009	-0.004	-0.008	-0.006	-0.005	0.003	0.000
488.00	-0.000	-0.009	-0.001	-0.009	-0.004	-0.008	-0.006	-0.005	0.003	0.000
489.00	-0.000	-0.009	-0.001	-0.009	-0.004	-0.008	-0.006	-0.005	0.003	0.000
490.00	-0.000	-0.009	-0.001	-0.009	-0.004	-0.008	-0.006	-0.005	0.003	-0.000
491.00	-0.000	-0.009	-0.001	-0.009	-0.005	-0.008	-0.006	-0.005	0.003	-0.000
492.00	-0.000	-0.009	-0.001	-0.009	-0.005	-0.008	-0.006	-0.005	0.003	0.000
493.00	-0.000	-0.009	-0.001	-0.009	-0.005	-0.008	-0.006	-0.005	0.003	0.000
494.00	-0.000	-0.009	-0.001	-0.009	-0.005	-0.008	-0.006	-0.006	0.003	-0.000
495.00	-0.000	-0.009	-0.001	-0.009	-0.005	-0.008	-0.006	-0.005	0.003	-0.000
496.00	-0.000	-0.009	-0.001	-0.009	-0.005	-0.008	-0.006	-0.006	0.003	-0.000
497.00	-0.000	-0.009	-0.001	-0.009	-0.005	-0.008	-0.006	-0.006	0.003	-0.000
498.00	-0.000	-0.009	-0.001	-0.009	-0.005	-0.008	-0.006	-0.006	0.003	-0.000
499.00	-0.000	-0.009	-0.001	-0.009	-0.005	-0.008	-0.006	-0.006	0.003	-0.000
500.00	-0.000	-0.009	-0.001	-0.009	-0.005	-0.008	-0.006	-0.006	0.003	-0.000
501.00	-0.000	-0.009	-0.001	-0.009	-0.005	-0.008	-0.006	-0.006	0.002	-0.000
502.00	-0.000	-0.009	-0.001	-0.009	-0.005	-0.008	-0.006	-0.006	0.002	-0.000
503.00	-0.000	-0.009	-0.001	-0.009	-0.005	-0.008	-0.006	-0.006	0.002	-0.000
504.00	-0.000	-0.009	-0.001	-0.009	-0.005	-0.008	-0.006	-0.006	0.002	-0.000
505.00	-0.000	-0.010	-0.001	-0.009	-0.005	-0.008	-0.006	-0.006	0.002	-0.000
506.00	-0.000	-0.010	-0.002	-0.009	-0.005	-0.008	-0.006	-0.006	0.002	-0.000
507.00	-0.000	-0.010	-0.002	-0.009	-0.005	-0.008	-0.006	-0.006	0.002	-0.000
508.00	-0.000	-0.010	-0.002	-0.009	-0.005	-0.008	-0.006	-0.006	0.002	-0.000
509.00	-0.000	-0.010	-0.002	-0.009	-0.005	-0.008	-0.006	-0.006	0.002	-0.001
510.00	-0.000	-0.010	-0.002	-0.009	-0.005	-0.008	-0.006	-0.006	0.002	-0.001
511.00	-0.000	-0.010	-0.002	-0.009	-0.005	-0.008	-0.006	-0.006	0.002	-0.001
512.00	-0.000	-0.010	-0.002	-0.009	-0.005	-0.008	-0.006	-0.006	0.002	-0.000
513.00	-0.000	-0.010	-0.002	-0.009	-0.005	-0.008	-0.006	-0.006	0.002	-0.001
514.00	-0.000	-0.010	-0.002	-0.009	-0.005	-0.008	-0.006	-0.006	0.002	-0.001
515.00	-0.000	-0.010	-0.002	-0.009	-0.005	-0.008	-0.006	-0.006	0.002	-0.001
516.00	-0.000	-0.010	-0.002	-0.009	-0.005	-0.008	-0.006	-0.006	0.002	-0.001
517.00	-0.000	-0.010	-0.002	-0.009	-0.005	-0.008	-0.006	-0.006	0.001	-0.001
518.00	-0.000	-0.010	-0.002	-0.009	-0.005	-0.008	-0.006	-0.006	0.001	-0.001
519.00	-0.000	-0.010	-0.002	-0.009	-0.005	-0.008	-0.006	-0.006	0.001	-0.001
520.00	-0.000	-0.010	-0.002	-0.009	-0.005	-0.008	-0.006	-0.006	0.001	-0.001
521.00	-0.000	-0.010	-0.002	-0.009	-0.005	-0.008	-0.006	-0.006	0.001	-0.001
522.00	-0.000	-0.010	-0.002	-0.009	-0.005	-0.008	-0.006	-0.006	0.001	-0.001
523.00	-0.000	-0.010	-0.002	-0.009	-0.005	-0.008	-0.006	-0.006	0.001	-0.001
524.00	-0.000	-0.010	-0.002	-0.009	-0.005	-0.008	-0.006	-0.006	0.001	-0.001
525.00	-0.000	-0.010	-0.002	-0.009	-0.005	-0.008	-0.006	-0.006	0.001	-0.001
526.00	-0.000	-0.010	-0.002	-0.009	-0.005	-0.008	-0.006	-0.006	0.001	-0.001
527.00	-0.000	-0.010	-0.002	-0.009	-0.005	-0.008	-0.006	-0.006	0.001	-0.001
528.00	-0.001	-0.010	-0.002	-0.009	-0.005	-0.008	-0.006	-0.006	0.001	-0.001
529.00	-0.001	-0.010	-0.002	-0.009	-0.005	-0.008	-0.006	-0.006	0.001	-0.001
530.00	-0.000	-0.010	-0.002	-0.009	-0.005	-0.008	-0.006	-0.006	0.001	-0.001
531.00	-0.000	-0.010	-0.002	-0.009	-0.005	-0.008	-0.006	-0.006	0.001	-0.001
532.00	-0.000	-0.010	-0.002	-0.009	-0.005	-0.008	-0.006	-0.006	0.001	-0.001
533.00	-0.000	-0.010	-0.002	-0.009	-0.005	-0.008	-0.006	-0.006	0.001	-0.001
534.00	-0.000	-0.010	-0.002	-0.009	-0.005	-0.008	-0.006	-0.006	0.001	-0.001
535.00	-0.000	-0.010	-0.002	-0.009	-0.005	-0.008	-0.006	-0.006	0.001	-0.001
536.00	0.001	-0.009	-0.001	-0.008	-0.004	-0.007	-0.005	-0.005	0.002	0.000
537.00	-0.000	-0.010	-0.002	-0.009	-0.005	-0.008	-0.006	-0.006	0.001	-0.001
538.00	-0.000	-0.010	-0.003	-0.009	-0.005	-0.008	-0.006	-0.006	0.001	-0.001
539.00	-0.000	-0.010	-0.003	-0.009	-0.005	-0.008	-0.006	-0.006	0.001	-0.001
540.00	-0.000	-0.010	-0.003	-0.009	-0.005	-0.008	-0.006	-0.006	0.001	-0.001
541.00	-0.000	-0.010	-0.002	-0.009	-0.005	-0.008	-0.006	-0.006	0.001	-0.001
542.00	-0.000	-0.010	-0.003	-0.009	-0.005	-0.008	-0.006	-0.006	0.001	-0.001
543.00	-0.000	-0.010	-0.002	-0.009	-0.005	-0.008	-0.006	-0.006	0.001	-0.001
544.00	-0.000	-0.010	-0.003	-0.009	-0.005	-0.008	-0.006	-0.006	0.001	-0.001
545.00	-0.000	-0.010	-0.003	-0.009	-0.005	-0.008	-0.006	-0.006	0.001	-0.001
546.00	-0.000	-0.010	-0.003	-0.009	-0.005	-0.008	-0.006	-0.006	0.000	-0.001
547.00	-0.000	-0.010	-0.002	-0.009	-0.005	-0.008	-0.006	-0.006	0.000	-0.001
548.00	-0.000	-0.010	-0.003	-0.009	-0.005	-0.008	-0.006	-0.006	0.000	-0.001
549.00	-0.000	-0.010	-0.003	-0.009	-0.005	-0.008	-0.006	-0.006	0.000	-0.001
550.00	-0.000	-0.010	-0.003	-0.009	-0.005	-0.008	-0.006	-0.006	0.000	-0.001
551.00	-0.000	-0.010	-0.003	-0.009	-0.005	-0.008	-0.006	-0.006	0.000	-0.001
552.00	-0.000	-0.010	-0.003	-0.009	-0.005	-0.008	-0.006	-0.006	0.000	-0.001
553.00	-0.000	-0.010	-0.003	-0.009	-0.005	-0.008	-0.006	-0.006	0.000	-0.001
554.00	-0.000	-0.010	-0.003	-0.009	-0.005	-0.008	-0.006	-0.006	0.000	-0.001
555.00	-0.000	-0.010	-0.003	-0.009	-0.005	-0.008	-0.006	-0.006	0.000	-0.001
556.00	-0.000	-0.010	-0.003	-0.009	-0.005	-0.008	-0.006	-0.006	0.000	-0.001
557.00	-0.000	-0.010	-0.003	-0.009	-0.005	-0.008	-0.006	-0.006	0.000	-0.001
558.00	-0.000	-0.010	-0.003	-0.009	-0.005	-0.008	-0.006	-0.006	0.000	-0.001
559.00	-0.000	-0.010	-0.003	-0.009	-0.005	-0.008	-0.006	-0.006	0.000	-0.001
560.00	-0.000	-0.010	-0.003	-0.009	-0.005	-0.008	-0.006	-0.006	0.000	-0.001
561.00	-0.000	-0.010	-0.003	-0.009	-0.005	-0.008	-0.006	-0.006	0.000	-0.001
562.00	-0.000	-0.010	-0.003	-0.009	-0.006	-0.008	-0.006	-0.006	0.000	-0.001
563.00	-0.000	-0.010	-0.003	-0.009	-0.006	-0.008	-0.007	-0.006	-0.000	-0.001
564.00	-0.000	-0.010	-0.003	-0.009	-0.006	-0.008	-0.006	-0.006	-0.000	-0.001
565.00	-0.000	-0.010	-0.003	-0.009	-0.005	-0.008	-0.006	-0.006	-0.000	-0.001
566.00	-0.000	-0.010	-0.003	-0.009	-0.005	-0.008	-0.006	-0.006	-0.000	-0.001
567.00	-0.000	-0.010	-0.003	-0.009	-0.006	-0.008	-0.006	-0.006	-0.000	-0.001
568.00	-0.000	-0.010	-0.003	-0.009	-0.005	-0.008	-0.006	-0.006	-0.000	-0.001
569.00	-0.000	-0.010	-0.003	-0.009	-0.005	-0.008	-0.006	-0.006	-0.000	-0.001
570.00	-0.000	-0.010	-0.003	-0.009	-0.005	-0.008	-0.006	-0.006	-0.000	-0.001
571.00	-0.000	-0.010	-0.003	-0.009	-0.005	-0.008	-0.006	-0.006	-0.000	-0.001
572.00	-0.000	-0.010	-0.003	-0.009	-0.005	-0.008	-0.006	-0.006	-0.000	-0.001
573.00	-0.000	-0.010	-0.003	-0.009	-0.006	-0.008	-0.006	-0.006	-0.000	-0.001
574.00	-0.000	-0.010	-0.003	-0.009	-0.006	-0.008	-0.006	-0.006	-0.000	-0.001
575.00	-0.000	-0.010	-0.003	-0.009	-0.006	-0.008	-0.006	-0.006	-0.000	-0.001
576.00	-0.000	-0.010	-0.003	-0.009	-0.006	-0.008	-0.006	-0.006	-0.000	-0.001
577.00	-0.000	-0.010	-0.003	-0.009	-0.006	-0.008	-0.006	-0.006	-0.000	-0.001
578.00	-0.000	-0.010	-0.003	-0.009	-0.006	-0.008	-0.006	-0.006	-0.000	-0.001
579.00	-0.000	-0.010	-0.003	-0.009	-0.006	-0.008	-0.006	-0.006	-0.000	-0.001
580.00	-0.000	-0.010	-0.003	-0.009	-0.006	-0.008	-0.006	-0.006	-0.000	-0.001
581.00	-0.000	-0.010	-0.003	-0.009	-0.006	-0.008	-0.006	-0.006	-0.000	-0.001
582.00	-0.000	-0.010	-0.003	-0.009	-0.006	-0.008	-0.006	-0.006	-0.000	-0.001
583.00	-0.000	-0.010	-0.003	-0.009	-0.006	-0.008	-0.006	-0.006	-0.000	-0.001
584.00	-0.000	-0.010	-0.003	-0.009	-0.006	-0.008	-0.006	-0.006	-0.001	-0.001
585.00	-0.000	-0.010	-0.003	-0.009	-0.006	-0.008	-0.006	-0.006	-0.001	-0.001
586.00	-0.000	-0.010	-0.003	-0.009	-0.006	-0.008	-0.006	-0.006	-0.001	-0.001
587.00	-0.000	-0.010	-0.003	-0.009	-0.006	-0.008	-0.007	-0.006	-0.001	-0.001
588.00	-0.000	-0.010	-0.003	-0.009	-0.006	-0.008	-0.006	-0.006	-0.001	-0.001
589.00	-0.000	-0.010	-0.003	-0.009	-0.006	-0.008	-0.006	-0.006	-0.001	-0.001
590.00	-0.000	-0.010	-0.003	-0.009	-0.006	-0.008	-0.006	-0.006	-0.001	-0.001
591.00	-0.000	-0.010	-0.003	-0.009	-0.006	-0.008	-0.006	-0.006	-0.001	-0.001
592.00	-0.000	-0.010	-0.003	-0.009	-0.006	-0.008	-0.006	-0.006	-0.001	-0.001
593.00	-0.000	-0.010	-0.003	-0.009	-0.006	-0.008	-0.006	-0.006	-0.001	-0.001
594.00	-0.000	-0.010	-0.003	-0.009	-0.006	-0.008	-0.006	-0.006	-0.001	-0.001
595.00	-0.000	-0.010	-0.003	-0.009	-0.006	-0.008	-0.006	-0.006	-0.001	-0.001
596.00	-0.000	-0.010	-0.003	-0.009	-0.006	-0.008	-0.006	-0.006	-0.001	-0.001
597.00	-0.000	-0.010	-0.003	-0.009	-0.006	-0.008	-0.006	-0.006	-0.001	-0.001
598.00	-0.000	-0.010	-0.003	-0.009	-0.006	-0.008	-0.007	-0.006	-0.001	-0.001
599.00	-0.000	-0.010	-0.003	-0.009	-0.006	-0.008	-0.006	-0.006	-0.001	-0.001
600.00	-0.000	-0.010	-0.003	-0.009	-0.006	-0.008	-0.007	-0.006	-0.001	-0.001
601.00	-0.000	-0.010	-0.003	-0.009	-0.006	-0.008	-0.006	-0.006	-0.001	-0.001
602.00	-0.000	-0.010	-0.003	-0.009	-0.006	-0.008	-0.006	-0.006	-0.001	-0.001
603.00	-0.000	-0.010	-0.003	-0.009	-0.006	-0.008	-0.006	-0.006	-0.001	-0.001
604.00	-0.000	-0.010	-0.003	-0.009	-0.006	-0.008	-0.007	-0.006	-0.001	-0.001
605.00	-0.000	-0.010	-0.003	-0.009	-0.006	-0.008	-0.007	-0.006	-0.001	-0.001
606.00	-0.000	-0.010	-0.003	-0.009	-0.006	-0.008	-0.007	-0.006	-0.001	-0.001
607.00	-0.000	-0.010	-0.003	-0.009	-0.006	-0.008	-0.007	-0.006	-0.001	-0.001
608.00	-0.000	-0.010	-0.003	-0.009	-0.006	-0.008	-0.007	-0.006	-0.001	-0.001
609.00	-0.000	-0.010	-0.003	-0.009	-0.006	-0.008	-0.007	-0.006	-0.001	-0.001
610.00	-0.000	-0.010	-0.003	-0.009	-0.006	-0.008	-0.007	-0.006	-0.001	-0.001
611.00	-0.000	-0.010	-0.003	-0.009	-0.006	-0.008	-0.007	-0.006	-0.001	-0.001
612.00	-0.000	-0.010	-0.003	-0.009	-0.006	-0.008	-0.006	-0.006	-0.001	-0.001
613.00	-0.000	-0.010	-0.003	-0.009	-0.006	-0.008	-0.006	-0.006	-0.001	-0.001
614.00	-0.000	-0.010	-0.004	-0.009	-0.006	-0.008	-0.007	-0.006	-0.001	-0.001
615.00	-0.000	-0.010	-0.004	-0.009	-0.006	-0.008	-0.007	-0.006	-0.001	-0.002
616.00	-0.000	-0.010	-0.004	-0.009	-0.006	-0.008	-0.007	-0.006	-0.001	-0.001
617.00	-0.000	-0.010	-0.004	-0.009	-0.006	-0.008	-0.007	-0.006	-0.001	-0.002
618.00	-0.000	-0.010	-0.003	-0.009	-0.006	-0.008	-0.007	-0.006	-0.001	-0.001
619.00	-0.000	-0.010	-0.004	-0.009	-0.006	-0.008	-0.007	-0.006	-0.001	-0.002
620.00	-0.000	-0.010	-0.004	-0.009	-0.006	-0.008	-0.007	-0.006	-0.001	-0.001
621.00	-0.000	-0.010	-0.004	-0.009	-0.006	-0.008	-0.007	-0.006	-0.001	-0.002
622.00	-0.000	-0.010	-0.004	-0.009	-0.006	-0.008	-0.007	-0.006	-0.001	-0.002
623.00	-0.000	-0.010	-0.004	-0.009	-0.006	-0.008	-0.007	-0.006	-0.001	-0.002
624.00	-0.000	-0.010	-0.004	-0.009	-0.006	-0.008	-0.007	-0.006	-0.001	-0.002
625.00	-0.000	-0.010	-0.004	-0.009	-0.006	-0.008	-0.007	-0.006	-0.001	-0.002
626.00	-0.000	-0.010	-0.004	-0.009	-0.006	-0.009	-0.007	-0.006	-0.002	-0.002
627.00	-0.000	-0.010	-0.004	-0.009	-0.006	-0.009	-0.007	-0.006	-0.001	-0.002
628.00	-0.000	-0.010	-0.004	-0.009	-0.006	-0.009	-0.007	-0.006	-0.001	-0.002
629.00	-0.000	-0.010	-0.004	-0.009	-0.006	-0.009	-0.007	-0.006	-0.001	-0.002
630.00	-0.000	-0.010	-0.004	-0.009	-0.006	-0.008	-0.007	-0.006	-0.001	-0.002
631.00	-0.000	-0.010	-0.004	-0.009	-0.006	-0.008	-0.007	-0.006	-0.001	-0.002
632.00	-0.000	-0.010	-0.004	-0.009	-0.006	-0.008	-0.007	-0.006	-0.001	-0.002
633.00	-0.000	-0.010	-0.004	-0.009	-0.006	-0.008	-0.007	-0.006	-0.001	-0.002
634.00	-0.000	-0.010	-0.004	-0.009	-0.006	-0.009	-0.007	-0.006	-0.002	-0.002
635.00	-0.000	-0.010	-0.004	-0.010	-0.006	-0.009	-0.007	-0.006	-0.002	-0.002
636.00	-0.000	-0.010	-0.004	-0.010	-0.006	-0.009	-0.007	-0.006	-0.002	-0.002
637.00	-0.000	-0.010	-0.004	-0.010	-0.006	-0.009	-0.007	-0.006	-0.002	-0.002
638.00	-0.001	-0.010	-0.004	-0.010	-0.006	-0.009	-0.007	-0.006	-0.002	-0.002
639.00	-0.001	-0.011	-0.004	-0.010	-0.006	-0.009	-0.007	-0.006	-0.002	-0.002
640.00	-0.001	-0.010	-0.004	-0.010	-0.007	-0.009	-0.007	-0.006	-0.002	-0.002
641.00	-0.001	-0.010	-0.004	-0.010	-0.007	-0.009	-0.007	-0.007	-0.002	-0.002
642.00	-0.000	-0.010	-0.004	-0.010	-0.006	-0.009	-0.007	-0.006	-0.002	-0.002
643.00	-0.000	-0.011	-0.004	-0.010	-0.006	-0.009	-0.007	-0.006	-0.002	-0.002
644.00	-0.000	-0.011	-0.004	-0.010	-0.006	-0.009	-0.007	-0.006	-0.002	-0.002
645.00	-0.000	-0.011	-0.004	-0.010	-0.006	-0.009	-0.007	-0.006	-0.002	-0.002
646.00	-0.000	-0.011	-0.004	-0.010	-0.006	-0.009	-0.007	-0.006	-0.002	-0.002
647.00	-0.000	-0.010	-0.004	-0.010	-0.006	-0.009	-0.007	-0.006	-0.002	-0.002
648.00	-0.000	-0.010	-0.004	-0.010	-0.006	-0.009	-0.007	-0.006	-0.002	-0.002
649.00	-0.000	-0.010	-0.004	-0.010	-0.006	-0.009	-0.007	-0.006	-0.002	-0.002
650.00	-0.000	-0.010	-0.004	-0.010	-0.006	-0.009	-0.007	-0.006	-0.002	-0.002
651.00	-0.000	-0.010	-0.004	-0.010	-0.006	-0.009	-0.007	-0.006	-0.002	-0.002
652.00	-0.000	-0.010	-0.004	-0.010	-0.006	-0.009	-0.007	-0.006	-0.002	-0.002
653.00	-0.000	-0.010	-0.004	-0.010	-0.006	-0.009	-0.007	-0.006	-0.002	-0.002
654.00	-0.000	-0.010	-0.004	-0.009	-0.006	-0.009	-0.007	-0.006	-0.002	-0.002
655.00	-0.000	-0.010	-0.004	-0.009	-0.006	-0.008	-0.007	-0.006	-0.002	-0.002
656.00	-0.000	-0.010	-0.004	-0.009	-0.006	-0.008	-0.007	-0.006	-0.002	-0.002
657.00	-0.000	-0.010	-0.004	-0.009	-0.006	-0.008	-0.007	-0.006	-0.002	-0.002
658.00	-0.000	-0.010	-0.004	-0.009	-0.006	-0.008	-0.007	-0.006	-0.002	-0.002
659.00	-0.000	-0.010	-0.004	-0.010	-0.006	-0.008	-0.007	-0.006	-0.002	-0.002
660.00	-0.000	-0.010	-0.004	-0.009	-0.006	-0.009	-0.007	-0.006	-0.002	-0.002
661.00	-0.000	-0.010	-0.004	-0.009	-0.006	-0.008	-0.007	-0.006	-0.002	-0.002
662.00	-0.000	-0.010	-0.004	-0.010	-0.006	-0.009	-0.007	-0.006	-0.002	-0.002
663.00	-0.000	-0.010	-0.004	-0.010	-0.006	-0.009	-0.007	-0.006	-0.002	-0.002
664.00	-0.001	-0.010	-0.004	-0.010	-0.006	-0.009	-0.007	-0.006	-0.002	-0.002
665.00	-0.001	-0.010	-0.004	-0.010	-0.006	-0.009	-0.007	-0.006	-0.002	-0.002
666.00	-0.000	-0.010	-0.004	-0.010	-0.006	-0.009	-0.007	-0.006	-0.002	-0.002
667.00	-0.000	-0.010	-0.004	-0.010	-0.006	-0.009	-0.007	-0.006	-0.002	-0.002
668.00	-0.000	-0.010	-0.004	-0.010	-0.006	-0.009	-0.007	-0.006	-0.002	-0.002
669.00	-0.000	-0.010	-0.004	-0.010	-0.006	-0.009	-0.007	-0.006	-0.002	-0.002
670.00	-0.000	-0.010	-0.004	-0.010	-0.006	-0.009	-0.007	-0.006	-0.002	-0.002
671.00	-0.000	-0.010	-0.004	-0.010	-0.007	-0.009	-0.007	-0.006	-0.002	-0.002
672.00	-0.000	-0.010	-0.004	-0.010	-0.006	-0.009	-0.007	-0.006	-0.002	-0.002
673.00	-0.000	-0.010	-0.004	-0.010	-0.007	-0.009	-0.007	-0.006	-0.002	-0.002
674.00	-0.000	-0.010	-0.004	-0.010	-0.007	-0.009	-0.007	-0.006	-0.002	-0.002
675.00	-0.000	-0.010	-0.004	-0.010	-0.007	-0.009	-0.007	-0.006	-0.002	-0.002
676.00	-0.000	-0.010	-0.004	-0.010	-0.007	-0.009	-0.007	-0.006	-0.002	-0.002
677.00	-0.000	-0.010	-0.004	-0.010	-0.007	-0.009	-0.007	-0.006	-0.002	-0.002
678.00	-0.000	-0.010	-0.004	-0.010	-0.007	-0.009	-0.007	-0.006	-0.002	-0.002
679.00	-0.001	-0.010	-0.004	-0.010	-0.007	-0.009	-0.007	-0.006	-0.002	-0.002
680.00	-0.000	-0.010	-0.004	-0.010	-0.007	-0.009	-0.007	-0.006	-0.002	-0.002
681.00	-0.001	-0.010	-0.004	-0.010	-0.007	-0.009	-0.007	-0.006	-0.002	-0.002
682.00	-0.000	-0.010	-0.004	-0.010	-0.007	-0.009	-0.007	-0.006	-0.002	-0.002
683.00	-0.001	-0.010	-0.005	-0.010	-0.007	-0.009	-0.007	-0.007	-0.002	-0.002
684.00	-0.000	-0.010	-0.004	-0.010	-0.007	-0.008	-0.007	-0.006	-0.002	-0.002
685.00	-0.000	-0.010	-0.004	-0.010	-0.006	-0.008	-0.007	-0.006	-0.002	-0.002
686.00	-0.000	-0.010	-0.005	-0.010	-0.007	-0.008	-0.007	-0.006	-0.002	-0.002
687.00	-0.000	-0.010	-0.005	-0.010	-0.007	-0.008	-0.007	-0.006	-0.002	-0.002
688.00	-0.000	-0.010	-0.005	-0.010	-0.007	-0.009	-0.007	-0.006	-0.002	-0.002
689.00	-0.000	-0.010	-0.004	-0.010	-0.007	-0.008	-0.007	-0.006	-0.002	-0.002
690.00	-0.000	-0.010	-0.005	-0.010	-0.007	-0.009	-0.007	-0.006	-0.002	-0.002
691.00	-0.001	-0.010	-0.005	-0.010	-0.007	-0.009	-0.007	-0.006	-0.002	-0.002
692.00	-0.000	-0.010	-0.005	-0.010	-0.007	-0.008	-0.007	-0.007	-0.002	-0.002
693.00	-0.001	-0.010	-0.005	-0.010	-0.007	-0.009	-0.007	-0.007	-0.002	-0.002
694.00	-0.000	-0.010	-0.005	-0.010	-0.007	-0.009	-0.007	-0.006	-0.002	-0.002
695.00	-0.000	-0.010	-0.005	-0.010	-0.007	-0.008	-0.007	-0.007	-0.002	-0.002
696.00	-0.000	-0.010	-0.005	-0.010	-0.007	-0.008	-0.007	-0.006	-0.002	-0.002
697.00	-0.000	-0.010	-0.005	-0.010	-0.007	-0.008	-0.007	-0.007	-0.002	-0.002
698.00	-0.000	-0.010	-0.005	-0.010	-0.007	-0.008	-0.007	-0.007	-0.002	-0.002
699.00	-0.001	-0.010	-0.005	-0.010	-0.007	-0.009	-0.007	-0.007	-0.002	-0.002
700.00	-0.001	-0.010	-0.005	-0.010	-0.007	-0.009	-0.007	-0.007	-0.002	-0.002
701.00	-0.000	-0.010	-0.005	-0.010	-0.007	-0.008	-0.007	-0.006	-0.002	-0.002
702.00	-0.000	-0.010	-0.005	-0.010	-0.007	-0.008	-0.007	-0.006	-0.002	-0.002
703.00	-0.000	-0.010	-0.005	-0.010	-0.007	-0.008	-0.007	-0.007	-0.002	-0.002
704.00	-0.000	-0.010	-0.005	-0.010	-0.007	-0.009	-0.007	-0.007	-0.002	-0.002
705.00	-0.000	-0.010	-0.005	-0.010	-0.007	-0.009	-0.007	-0.007	-0.002	-0.002
706.00	-0.000	-0.010	-0.005	-0.010	-0.007	-0.008	-0.007	-0.006	-0.002	-0.002
707.00	-0.000	-0.010	-0.005	-0.010	-0.007	-0.008	-0.007	-0.007	-0.002	-0.002
708.00	-0.000	-0.010	-0.005	-0.010	-0.007	-0.008	-0.007	-0.007	-0.002	-0.002
709.00	-0.000	-0.010	-0.005	-0.010	-0.007	-0.008	-0.007	-0.006	-0.002	-0.002
710.00	-0.000	-0.010	-0.005	-0.010	-0.007	-0.008	-0.007	-0.006	-0.002	-0.002
711.00	-0.000	-0.010	-0.005	-0.010	-0.007	-0.009	-0.007	-0.007	-0.002	-0.002
712.00	-0.000	-0.010	-0.005	-0.010	-0.007	-0.009	-0.007	-0.007	-0.002	-0.002
713.00	-0.000	-0.010	-0.005	-0.010	-0.007	-0.008	-0.007	-0.006	-0.002	-0.002
714.00	-0.000	-0.010	-0.005	-0.010	-0.007	-0.008	-0.007	-0.007	-0.002	-0.002
715.00	-0.000	-0.010	-0.005	-0.010	-0.007	-0.008	-0.007	-0.006	-0.002	-0.002
716.00	-0.000	-0.010	-0.005	-0.010	-0.007	-0.008	-0.007	-0.006	-0.002	-0.002
717.00	-0.000	-0.010	-0.005	-0.010	-0.007	-0.008	-0.007	-0.007	-0.002	-0.002
718.00	-0.000	-0.010	-0.005	-0.010	-0.007	-0.009	-0.007	-0.007	-0.002	-0.002
719.00	-0.000	-0.010	-0.005	-0.010	-0.007	-0.008	-0.007	-0.007	-0.002	-0.002
720.00	-0.000	-0.010	-0.005	-0.010	-0.007	-0.008	-0.007	-0.007	-0.002	-0.002
721.00	-0.000	-0.010	-0.005	-0.010	-0.007	-0.009	-0.007	-0.007	-0.002	-0.002
722.00	-0.000	-0.010	-0.005	-0.010	-0.007	-0.009	-0.007	-0.007	-0.002	-0.002
723.00	-0.000	-0.010	-0.005	-0.010	-0.007	-0.008	-0.007	-0.007	-0.002	-0.002
724.00	-0.000	-0.010	-0.005	-0.010	-0.007	-0.008	-0.007	-0.007	-0.002	-0.002
725.00	-0.000	-0.010	-0.005	-0.010	-0.007	-0.009	-0.007	-0.007	-0.003	-0.002
726.00	-0.000	-0.010	-0.005	-0.010	-0.007	-0.009	-0.007	-0.007	-0.003	-0.002
727.00	-0.000	-0.010	-0.005	-0.010	-0.007	-0.008	-0.007	-0.007	-0.002	-0.002
728.00	-0.000	-0.010	-0.005	-0.010	-0.007	-0.008	-0.007	-0.007	-0.002	-0.002
729.00	-0.000	-0.010	-0.005	-0.010	-0.007	-0.008	-0.007	-0.007	-0.002	-0.002
730.00	-0.000	-0.010	-0.005	-0.010	-0.007	-0.009	-0.007	-0.007	-0.003	-0.002
731.00	-0.000	-0.010	-0.005	-0.010	-0.007	-0.009	-0.007	-0.007	-0.003	-0.002
732.00	-0.000	-0.010	-0.005	-0.010	-0.007	-0.009	-0.007	-0.007	-0.003	-0.002
733.00	-0.000	-0.010	-0.005	-0.010	-0.007	-0.009	-0.007	-0.007	-0.003	-0.002
734.00	-0.000	-0.011	-0.005	-0.010	-0.007	-0.009	-0.007	-0.007	-0.003	-0.002
735.00	-0.000	-0.011	-0.005	-0.010	-0.007	-0.009	-0.007	-0.007	-0.003	-0.002
736.00	-0.000	-0.010	-0.005	-0.010	-0.007	-0.009	-0.007	-0.007	-0.003	-0.002
737.00	-0.000	-0.011	-0.005	-0.010	-0.007	-0.009	-0.007	-0.007	-0.003	-0.002
738.00	-0.000	-0.011	-0.005	-0.010	-0.007	-0.009	-0.007	-0.007	-0.003	-0.002
739.00	-0.000	-0.010	-0.005	-0.010	-0.007	-0.009	-0.007	-0.007	-0.003	-0.002
740.00	-0.000	-0.010	-0.005	-0.010	-0.007	-0.009	-0.007	-0.007	-0.003	-0.002
741.00	-0.000	-0.010	-0.005	-0.010	-0.007	-0.009	-0.007	-0.007	-0.003	-0.002
742.00	-0.000	-0.010	-0.005	-0.010	-0.007	-0.009	-0.007	-0.007	-0.003	-0.002
743.00	-0.000	-0.010	-0.005	-0.010	-0.007	-0.009	-0.007	-0.007	-0.003	-0.002
744.00	-0.000	-0.010	-0.005	-0.010	-0.007	-0.009	-0.007	-0.007	-0.003	-0.002
745.00	-0.000	-0.011	-0.005	-0.010	-0.007	-0.009	-0.007	-0.007	-0.003	-0.002
746.00	-0.000	-0.011	-0.005	-0.010	-0.007	-0.009	-0.007	-0.007	-0.003	-0.002
747.00	-0.000	-0.010	-0.005	-0.010	-0.007	-0.009	-0.007	-0.007	-0.003	-0.002
748.00	-0.000	-0.010	-0.005	-0.010	-0.007	-0.009	-0.007	-0.007	-0.003	-0.002
749.00	-0.000	-0.010	-0.005	-0.010	-0.007	-0.009	-0.007	-0.007	-0.003	-0.002
750.00	-0.000	-0.010	-0.005	-0.010	-0.007	-0.009	-0.007	-0.007	-0.003	-0.002
751.00	-0.000	-0.010	-0.005	-0.010	-0.007	-0.009	-0.007	-0.007	-0.003	-0.002
752.00	-0.000	-0.010	-0.005	-0.010	-0.007	-0.009	-0.007	-0.007	-0.003	-0.002
753.00	-0.000	-0.010	-0.005	-0.010	-0.007	-0.009	-0.007	-0.007	-0.003	-0.002
754.00	-0.000	-0.010	-0.005	-0.010	-0.007	-0.009	-0.007	-0.007	-0.003	-0.002
755.00	-0.000	-0.010	-0.005	-0.010	-0.007	-0.009	-0.007	-0.007	-0.003	-0.002
756.00	-0.000	-0.010	-0.005	-0.010	-0.007	-0.008	-0.007	-0.007	-0.003	-0.002
757.00	-0.000	-0.010	-0.005	-0.010	-0.007	-0.008	-0.007	-0.007	-0.003	-0.002
758.00	-0.000	-0.010	-0.005	-0.010	-0.007	-0.008	-0.007	-0.007	-0.003	-0.002
759.00	-0.000	-0.010	-0.005	-0.010	-0.007	-0.008	-0.007	-0.006	-0.002	-0.002
760.00	0.001	-0.009	-0.004	-0.009	-0.006	-0.007	-0.006	-0.005	-0.001	-0.001
761.00	0.000	-0.010	-0.005	-0.009	-0.006	-0.008	-0.006	-0.006	-0.002	-0.002
762.00	-0.000	-0.010	-0.005	-0.010	-0.007	-0.009	-0.007	-0.006	-0.003	-0.002
763.00	-0.000	-0.010	-0.005	-0.010	-0.007	-0.009	-0.007	-0.007	-0.003	-0.002
764.00	-0.000	-0.010	-0.005	-0.010	-0.007	-0.008	-0.007	-0.007	-0.002	-0.002
765.00	-0.000	-0.010	-0.005	-0.010	-0.007	-0.008	-0.007	-0.007	-0.002	-0.002
766.00	-0.000	-0.010	-0.005	-0.010	-0.007	-0.008	-0.007	-0.007	-0.003	-0.002
767.00	-0.000	-0.010	-0.005	-0.010	-0.007	-0.009	-0.007	-0.007	-0.003	-0.002
768.00	-0.000	-0.010	-0.005	-0.010	-0.007	-0.009	-0.007	-0.007	-0.003	-0.002
769.00	-0.000	-0.010	-0.005	-0.010	-0.007	-0.009	-0.007	-0.007	-0.003	-0.002
770.00	-0.000	-0.010	-0.005	-0.010	-0.007	-0.008	-0.007	-0.007	-0.003	-0.002
771.00	-0.000	-0.010	-0.005	-0.010	-0.007	-0.008	-0.007	-0.007	-0.003	-0.002
772.00	-0.000	-0.010	-0.005	-0.010	-0.007	-0.008	-0.007	-0.006	-0.002	-0.002
773.00	-0.000	-0.010	-0.006	-0.010	-0.007	-0.009	-0.007	-0.006	-0.003	-0.002
774.00	-0.000	-0.010	-0.006	-0.010	-0.007	-0.009	-0.007	-0.007	-0.003	-0.002
775.00	-0.000	-0.010	-0.006	-0.010	-0.007	-0.008	-0.007	-0.007	-0.003	-0.002
776.00	-0.000	-0.010	-0.006	-0.010	-0.007	-0.009	-0.007	-0.007	-0.003	-0.002
777.00	-0.000	-0.010	-0.005	-0.010	-0.007	-0.008	-0.007	-0.007	-0.003	-0.002
778.00	-0.000	-0.010	-0.005	-0.010	-0.007	-0.008	-0.007	-0.007	-0.003	-0.002
779.00	-0.000	-0.010	-0.006	-0.010	-0.007	-0.009	-0.007	-0.007	-0.003	-0.002
780.00	-0.000	-0.010	-0.006	-0.010	-0.007	-0.009	-0.007	-0.007	-0.003	-0.002
781.00	-0.000	-0.010	-0.006	-0.010	-0.007	-0.009	-0.007	-0.007	-0.003	-0.002
782.00	-0.000	-0.010	-0.006	-0.010	-0.007	-0.008	-0.007	-0.007	-0.003	-0.002
783.00	-0.000	-0.010	-0.006	-0.010	-0.007	-0.008	-0.007	-0.007	-0.003	-0.002
784.00	-0.000	-0.010	-0.006	-0.010	-0.007	-0.008	-0.007	-0.007	-0.003	-0.002
785.00	-0.000	-0.010	-0.006	-0.010	-0.007	-0.008	-0.007	-0.007	-0.002	-0.002
786.00	-0.000	-0.010	-0.006	-0.010	-0.007	-0.008	-0.007	-0.006	-0.002	-0.002
787.00	-0.000	-0.010	-0.006	-0.010	-0.007	-0.008	-0.007	-0.006	-0.002	-0.002
788.00	-0.000	-0.010	-0.006	-0.010	-0.007	-0.008	-0.007	-0.007	-0.003	-0.002
789.00	-0.000	-0.010	-0.006	-0.010	-0.007	-0.008	-0.007	-0.006	-0.002	-0.002
790.00	-0.000	-0.010	-0.006	-0.010	-0.007	-0.008	-0.007	-0.006	-0.003	-0.002
791.00	-0.000	-0.010	-0.006	-0.010	-0.007	-0.008	-0.007	-0.006	-0.002	-0.002
792.00	-0.000	-0.010	-0.006	-0.010	-0.007	-0.008	-0.007	-0.007	-0.003	-0.002
793.00	-0.000	-0.010	-0.006	-0.010	-0.007	-0.008	-0.007	-0.007	-0.003	-0.002
794.00	-0.000	-0.010	-0.006	-0.010	-0.007	-0.008	-0.007	-0.007	-0.003	-0.002
795.00	-0.000	-0.010	-0.006	-0.010	-0.007	-0.008	-0.007	-0.007	-0.003	-0.002
796.00	-0.000	-0.010	-0.006	-0.010	-0.007	-0.008	-0.007	-0.007	-0.003	-0.002
797.00	-0.000	-0.010	-0.006	-0.010	-0.007	-0.008	-0.007	-0.007	-0.003	-0.002
798.00	-0.000	-0.010	-0.006	-0.010	-0.007	-0.008	-0.007	-0.006	-0.002	-0.002
799.00	-0.000	-0.010	-0.006	-0.010	-0.007	-0.008	-0.007	-0.006	-0.002	-0.002
800.00	-0.000	-0.010	-0.006	-0.010	-0.007	-0.008	-0.007	-0.006	-0.002	-0.002
801.00	-0.000	-0.010	-0.006	-0.010	-0.007	-0.008	-0.007	-0.006	-0.002	-0.002
802.00	-0.000	-0.010	-0.006	-0.010	-0.007	-0.008	-0.007	-0.006	-0.002	-0.002
803.00	-0.000	-0.010	-0.006	-0.010	-0.007	-0.008	-0.007	-0.006	-0.002	-0.002
804.00	-0.000	-0.010	-0.006	-0.010	-0.007	-0.008	-0.007	-0.006	-0.002	-0.002
805.00	-0.000	-0.010	-0.006	-0.010	-0.007	-0.008	-0.007	-0.006	-0.002	-0.002
806.00	-0.000	-0.010	-0.006	-0.010	-0.007	-0.008	-0.007	-0.006	-0.002	-0.002
807.00	-0.000	-0.010	-0.006	-0.010	-0.007	-0.008	-0.007	-0.006	-0.003	-0.002
808.00	-0.000	-0.010	-0.006	-0.010	-0.007	-0.008	-0.007	-0.006	-0.003	-0.002
809.00	-0.000	-0.010	-0.006	-0.010	-0.007	-0.008	-0.007	-0.006	-0.003	-0.002
810.00	-0.000	-0.010	-0.006	-0.010	-0.007	-0.008	-0.007	-0.006	-0.002	-0.002
811.00	-0.000	-0.010	-0.006	-0.010	-0.007	-0.008	-0.007	-0.006	-0.003	-0.002
812.00	-0.000	-0.010	-0.006	-0.010	-0.007	-0.008	-0.007	-0.007	-0.003	-0.002
813.00	-0.000	-0.010	-0.006	-0.010	-0.007	-0.008	-0.007	-0.007	-0.003	-0.002
814.00	-0.000	-0.010	-0.006	-0.010	-0.007	-0.008	-0.007	-0.006	-0.003	-0.002
815.00	-0.000	-0.010	-0.006	-0.010	-0.007	-0.008	-0.007	-0.006	-0.003	-0.002
816.00	-0.000	-0.010	-0.006	-0.010	-0.007	-0.008	-0.007	-0.006	-0.003	-0.002
817.00	-0.000	-0.010	-0.006	-0.010	-0.007	-0.008	-0.007	-0.006	-0.003	-0.002
818.00	-0.000	-0.010	-0.006	-0.010	-0.007	-0.008	-0.007	-0.006	-0.003	-0.002
819.00	-0.000	-0.010	-0.006	-0.010	-0.007	-0.008	-0.007	-0.006	-0.003	-0.002
820.00	-0.000	-0.010	-0.006	-0.010	-0.007	-0.008	-0.007	-0.006	-0.003	-0.002
821.00	-0.000	-0.010	-0.006	-0.010	-0.007	-0.008	-0.007	-0.006	-0.003	-0.002
822.00	-0.000	-0.010	-0.006	-0.010	-0.007	-0.008	-0.007	-0.006	-0.003	-0.002
823.00	-0.000	-0.010	-0.006	-0.010	-0.007	-0.009	-0.007	-0.007	-0.003	-0.002
824.00	-0.000	-0.010	-0.006	-0.010	-0.007	-0.009	-0.007	-0.006	-0.003	-0.002
825.00	-0.000	-0.010	-0.006	-0.010	-0.007	-0.009	-0.007	-0.006	-0.003	-0.002
826.00	-0.000	-0.010	-0.006	-0.010	-0.007	-0.008	-0.007	-0.006	-0.003	-0.002
827.00	-0.000	-0.010	-0.006	-0.010	-0.007	-0.008	-0.007	-0.006	-0.003	-0.002
828.00	-0.000	-0.010	-0.006	-0.010	-0.007	-0.008	-0.007	-0.006	-0.003	-0.002
829.00	-0.000	-0.010	-0.006	-0.010	-0.007	-0.008	-0.007	-0.006	-0.003	-0.002
830.00	-0.000	-0.010	-0.006	-0.010	-0.007	-0.009	-0.007	-0.006	-0.003	-0.002
831.00	-0.000	-0.010	-0.006	-0.010	-0.007	-0.009	-0.007	-0.007	-0.003	-0.002
832.00	-0.000	-0.010	-0.006	-0.010	-0.007	-0.009	-0.007	-0.007	-0.003	-0.002
833.00	-0.000	-0.010	-0.006	-0.010	-0.007	-0.009	-0.007	-0.007	-0.003	-0.003
834.00	-0.000	-0.010	-0.006	-0.010	-0.007	-0.009	-0.007	-0.007	-0.003	-0.002
835.00	-0.000	-0.010	-0.006	-0.010	-0.007	-0.009	-0.007	-0.007	-0.003	-0.003
836.00	-0.000	-0.010	-0.006	-0.010	-0.007	-0.009	-0.007	-0.007	-0.003	-0.003
837.00	0.000	-0.010	-0.006	-0.010	-0.007	-0.009	-0.007	-0.007	-0.003	-0.002
838.00	-0.000	-0.010	-0.006	-0.010	-0.007	-0.009	-0.007	-0.007	-0.003	-0.002
839.00	-0.000	-0.010	-0.006	-0.010	-0.007	-0.009	-0.007	-0.007	-0.003	-0.003
840.00	-0.000	-0.010	-0.006	-0.010	-0.007	-0.009	-0.007	-0.007	-0.003	-0.003
841.00	0.000	-0.010	-0.006	-0.010	-0.007	-0.009	-0.007	-0.007	-0.003	-0.003
842.00	0.000	-0.010	-0.006	-0.010	-0.007	-0.009	-0.007	-0.006	-0.003	-0.003
843.00	-0.000	-0.010	-0.006	-0.010	-0.007	-0.009	-0.007	-0.007	-0.003	-0.003
844.00	0.000	-0.010	-0.006	-0.010	-0.007	-0.009	-0.007	-0.007	-0.003	-0.002
845.00	0.000	-0.010	-0.006	-0.010	-0.007	-0.009	-0.007	-0.007	-0.003	-0.003
846.00	0.000	-0.010	-0.006	-0.010	-0.007	-0.009	-0.007	-0.007	-0.003	-0.003
847.00	0.000	-0.010	-0.006	-0.010	-0.007	-0.009	-0.007	-0.007	-0.003	-0.003
848.00	0.000	-0.010	-0.006	-0.010	-0.007	-0.008	-0.007	-0.006	-0.003	-0.002
849.00	0.000	-0.010	-0.006	-0.010	-0.007	-0.008	-0.007	-0.006	-0.003	-0.002
850.00	-0.000	-0.010	-0.006	-0.010	-0.007	-0.009	-0.007	-0.007	-0.003	-0.002
