190.00	-0.018	0.316	0.327	0.378	0.168	0.291	0.313	0.332	0.309	0.314	0.336
191.00	-0.018	0.282	0.306	0.350	0.159	0.270	0.290	0.298	0.287	0.288	0.311
192.00	-0.018	0.251	0.281	0.320	0.150	0.248	0.265	0.263	0.263	0.262	0.286
193.00	-0.018	0.221	0.256	0.292	0.142	0.225	0.239	0.228	0.237	0.236	0.260
194.00	-0.018	0.197	0.235	0.271	0.135	0.207	0.219	0.202	0.217	0.215	0.239
195.00	-0.017	0.176	0.215	0.248	0.129	0.190	0.201	0.178	0.198	0.195	0.219
196.00	-0.016	0.160	0.200	0.231	0.125	0.177	0.186	0.160	0.183	0.180	0.203
197.00	-0.016	0.146	0.187	0.215	0.120	0.164	0.173	0.144	0.170	0.166	0.189
198.00	-0.016	0.133	0.174	0.201	0.116	0.153	0.161	0.130	0.158	0.154	0.175
199.00	-0.016	0.123	0.163	0.190	0.114	0.144	0.151	0.120	0.148	0.143	0.164
200.00	-0.015	0.115	0.155	0.180	0.110	0.136	0.142	0.111	0.139	0.135	0.154
201.00	-0.015	0.107	0.146	0.171	0.107	0.128	0.133	0.103	0.131	0.127	0.145
202.00	-0.015	0.102	0.138	0.163	0.104	0.121	0.126	0.097	0.124	0.120	0.136
203.00	-0.014	0.097	0.132	0.157	0.102	0.116	0.121	0.092	0.119	0.115	0.130
204.00	-0.014	0.093	0.126	0.151	0.100	0.111	0.115	0.088	0.113	0.110	0.124
205.00	-0.014	0.089	0.120	0.146	0.098	0.107	0.110	0.084	0.109	0.105	0.118
206.00	-0.014	0.086	0.115	0.141	0.095	0.102	0.106	0.080	0.105	0.101	0.113
207.00	-0.013	0.083	0.110	0.138	0.093	0.099	0.102	0.078	0.101	0.098	0.110
208.00	-0.013	0.081	0.106	0.134	0.091	0.096	0.099	0.075	0.098	0.095	0.106
209.00	-0.013	0.078	0.102	0.129	0.088	0.093	0.095	0.072	0.095	0.092	0.102
210.00	-0.012	0.076	0.099	0.126	0.086	0.090	0.092	0.070	0.092	0.089	0.099
211.00	-0.012	0.074	0.095	0.122	0.083	0.088	0.090	0.068	0.090	0.086	0.096
212.00	-0.012	0.071	0.092	0.119	0.081	0.085	0.087	0.065	0.088	0.084	0.094
213.00	-0.012	0.069	0.089	0.116	0.078	0.083	0.084	0.063	0.085	0.081	0.091
214.00	-0.012	0.066	0.086	0.112	0.075	0.081	0.081	0.061	0.083	0.079	0.088
215.00	-0.011	0.064	0.084	0.109	0.072	0.079	0.079	0.059	0.081	0.077	0.086
216.00	-0.011	0.062	0.081	0.105	0.069	0.077	0.077	0.056	0.079	0.074	0.084
217.00	-0.011	0.059	0.079	0.102	0.067	0.074	0.075	0.054	0.077	0.072	0.081
218.00	-0.011	0.057	0.077	0.099	0.064	0.073	0.073	0.052	0.075	0.070	0.079
219.00	-0.011	0.055	0.075	0.096	0.062	0.071	0.072	0.050	0.074	0.068	0.078
220.00	-0.010	0.054	0.073	0.093	0.059	0.070	0.070	0.048	0.072	0.067	0.076
221.00	-0.010	0.052	0.071	0.090	0.057	0.068	0.068	0.047	0.071	0.065	0.074
222.00	-0.010	0.050	0.070	0.088	0.055	0.067	0.067	0.045	0.069	0.063	0.072
223.00	-0.010	0.049	0.068	0.086	0.053	0.065	0.065	0.044	0.068	0.062	0.071
224.00	-0.010	0.047	0.066	0.083	0.051	0.064	0.064	0.042	0.067	0.060	0.069
225.00	-0.010	0.045	0.065	0.081	0.049	0.063	0.062	0.041	0.065	0.059	0.068
226.00	-0.009	0.044	0.064	0.079	0.047	0.061	0.061	0.039	0.064	0.057	0.066
227.00	-0.009	0.043	0.062	0.077	0.046	0.060	0.060	0.038	0.063	0.056	0.065
228.00	-0.009	0.041	0.061	0.075	0.044	0.059	0.059	0.037	0.062	0.055	0.064
229.00	-0.009	0.040	0.060	0.073	0.043	0.058	0.058	0.036	0.060	0.054	0.063
230.00	-0.009	0.039	0.058	0.071	0.042	0.057	0.056	0.035	0.059	0.053	0.061
231.00	-0.009	0.038	0.057	0.070	0.040	0.056	0.055	0.034	0.058	0.051	0.060
232.00	-0.009	0.037	0.056	0.068	0.039	0.055	0.054	0.033	0.057	0.050	0.059
233.00	-0.009	0.036	0.055	0.067	0.038	0.054	0.053	0.032	0.056	0.049	0.058
234.00	-0.009	0.035	0.054	0.066	0.038	0.053	0.052	0.032	0.055	0.048	0.057
235.00	-0.009	0.035	0.053	0.064	0.037	0.052	0.051	0.031	0.054	0.047	0.056
236.00	-0.009	0.034	0.052	0.063	0.036	0.051	0.050	0.030	0.053	0.047	0.054
237.00	-0.009	0.033	0.051	0.062	0.035	0.050	0.049	0.029	0.052	0.046	0.054
238.00	-0.009	0.032	0.050	0.061	0.035	0.049	0.049	0.029	0.051	0.045	0.053
239.00	-0.009	0.032	0.049	0.060	0.034	0.049	0.048	0.028	0.050	0.044	0.052
240.00	-0.009	0.031	0.048	0.059	0.033	0.048	0.047	0.028	0.050	0.044	0.051
241.00	-0.008	0.031	0.048	0.059	0.033	0.047	0.047	0.028	0.049	0.043	0.050
242.00	-0.008	0.030	0.047	0.058	0.033	0.047	0.046	0.027	0.048	0.042	0.050
243.00	-0.008	0.030	0.046	0.057	0.032	0.046	0.045	0.027	0.048	0.042	0.049
244.00	-0.008	0.029	0.046	0.056	0.032	0.046	0.045	0.026	0.047	0.041	0.048
245.00	-0.008	0.029	0.045	0.056	0.031	0.045	0.045	0.026	0.047	0.041	0.048
246.00	-0.008	0.029	0.045	0.056	0.031	0.045	0.044	0.026	0.046	0.041	0.048
247.00	-0.008	0.028	0.045	0.055	0.031	0.045	0.044	0.025	0.046	0.040	0.047
248.00	-0.008	0.028	0.044	0.055	0.030	0.044	0.043	0.025	0.045	0.040	0.047
249.00	-0.008	0.028	0.044	0.054	0.030	0.044	0.043	0.025	0.045	0.039	0.046
250.00	-0.008	0.028	0.044	0.054	0.030	0.044	0.043	0.025	0.045	0.039	0.046
251.00	-0.008	0.028	0.044	0.054	0.030	0.044	0.043	0.025	0.045	0.039	0.046
252.00	-0.008	0.027	0.043	0.053	0.030	0.043	0.042	0.025	0.044	0.039	0.046
253.00	-0.008	0.027	0.043	0.053	0.029	0.043	0.042	0.024	0.044	0.038	0.045
254.00	-0.008	0.026	0.043	0.052	0.029	0.043	0.041	0.024	0.043	0.038	0.045
255.00	-0.007	0.026	0.042	0.052	0.029	0.042	0.041	0.024	0.043	0.037	0.045
256.00	-0.007	0.026	0.042	0.052	0.029	0.042	0.041	0.024	0.043	0.037	0.044
257.00	-0.007	0.026	0.042	0.051	0.029	0.042	0.041	0.023	0.042	0.037	0.044
258.00	-0.007	0.025	0.041	0.051	0.028	0.041	0.040	0.023	0.042	0.037	0.043
259.00	-0.007	0.025	0.041	0.051	0.028	0.041	0.040	0.023	0.042	0.036	0.043
260.00	-0.007	0.025	0.041	0.050	0.028	0.041	0.040	0.023	0.041	0.036	0.043
261.00	-0.007	0.025	0.040	0.050	0.028	0.040	0.040	0.023	0.041	0.036	0.042
262.00	-0.007	0.024	0.040	0.049	0.027	0.040	0.039	0.022	0.040	0.035	0.042
263.00	-0.007	0.024	0.039	0.049	0.027	0.039	0.038	0.022	0.040	0.035	0.041
264.00	-0.007	0.024	0.039	0.048	0.027	0.039	0.038	0.022	0.040	0.034	0.041
265.00	-0.007	0.023	0.038	0.048	0.027	0.038	0.037	0.021	0.039	0.034	0.041
266.00	-0.007	0.023	0.038	0.047	0.027	0.038	0.037	0.021	0.039	0.033	0.040
267.00	-0.007	0.023	0.038	0.047	0.026	0.037	0.037	0.021	0.038	0.033	0.039
268.00	-0.007	0.023	0.037	0.046	0.026	0.037	0.036	0.021	0.038	0.033	0.039
269.00	-0.007	0.022	0.036	0.046	0.026	0.036	0.035	0.021	0.037	0.032	0.038
270.00	-0.007	0.022	0.036	0.045	0.026	0.035	0.035	0.021	0.037	0.032	0.038
271.00	-0.007	0.022	0.035	0.044	0.026	0.035	0.034	0.020	0.036	0.031	0.037
272.00	-0.007	0.022	0.035	0.044	0.025	0.034	0.034	0.020	0.035	0.031	0.037
273.00	-0.007	0.021	0.034	0.043	0.025	0.034	0.033	0.020	0.035	0.030	0.036
274.00	-0.006	0.021	0.034	0.043	0.025	0.033	0.032	0.020	0.034	0.030	0.036
275.00	-0.006	0.021	0.033	0.042	0.024	0.032	0.032	0.019	0.034	0.029	0.035
276.00	-0.006	0.020	0.032	0.042	0.024	0.032	0.031	0.019	0.033	0.029	0.034
277.00	-0.007	0.020	0.031	0.041	0.024	0.031	0.030	0.019	0.032	0.028	0.034
278.00	-0.007	0.020	0.030	0.040	0.024	0.030	0.030	0.018	0.032	0.027	0.033
279.00	-0.006	0.020	0.030	0.040	0.023	0.030	0.029	0.018	0.031	0.027	0.033
280.00	-0.006	0.020	0.029	0.039	0.023	0.029	0.028	0.018	0.031	0.026	0.032
281.00	-0.006	0.019	0.029	0.039	0.023	0.028	0.027	0.018	0.030	0.026	0.031
282.00	-0.006	0.019	0.028	0.038	0.023	0.028	0.027	0.017	0.029	0.025	0.031
283.00	-0.006	0.019	0.027	0.037	0.022	0.027	0.026	0.017	0.029	0.025	0.030
284.00	-0.006	0.018	0.027	0.037	0.022	0.026	0.025	0.017	0.028	0.024	0.029
285.00	-0.006	0.018	0.026	0.036	0.022	0.025	0.024	0.017	0.027	0.023	0.029
286.00	-0.006	0.018	0.025	0.035	0.022	0.025	0.024	0.017	0.027	0.023	0.028
287.00	-0.006	0.017	0.024	0.035	0.021	0.024	0.023	0.016	0.026	0.022	0.027
288.00	-0.006	0.017	0.024	0.034	0.021	0.023	0.023	0.016	0.026	0.021	0.027
289.00	-0.006	0.017	0.023	0.033	0.021	0.023	0.022	0.015	0.025	0.021	0.026
290.00	-0.006	0.016	0.022	0.033	0.020	0.022	0.021	0.015	0.024	0.020	0.026
291.00	-0.006	0.016	0.022	0.032	0.020	0.021	0.021	0.015	0.024	0.020	0.025
292.00	-0.006	0.016	0.021	0.032	0.020	0.021	0.020	0.015	0.023	0.020	0.025
293.00	-0.006	0.015	0.020	0.031	0.019	0.020	0.020	0.015	0.023	0.019	0.024
294.00	-0.006	0.015	0.020	0.031	0.019	0.019	0.019	0.014	0.022	0.018	0.023
295.00	-0.006	0.015	0.019	0.030	0.019	0.019	0.018	0.014	0.022	0.018	0.023
296.00	-0.006	0.015	0.019	0.030	0.019	0.018	0.018	0.014	0.021	0.018	0.022
297.00	-0.006	0.015	0.018	0.029	0.018	0.018	0.017	0.013	0.020	0.017	0.022
298.00	-0.006	0.014	0.018	0.029	0.018	0.017	0.017	0.013	0.020	0.017	0.021
299.00	-0.006	0.014	0.017	0.028	0.018	0.017	0.016	0.013	0.019	0.016	0.021
300.00	-0.006	0.014	0.017	0.028	0.018	0.017	0.016	0.013	0.019	0.016	0.020
301.00	-0.006	0.014	0.016	0.027	0.017	0.016	0.015	0.013	0.019	0.016	0.020
302.00	-0.006	0.013	0.016	0.027	0.017	0.016	0.015	0.013	0.018	0.015	0.020
303.00	-0.006	0.013	0.015	0.027	0.017	0.015	0.015	0.012	0.018	0.015	0.019
304.00	-0.005	0.013	0.015	0.026	0.017	0.015	0.014	0.012	0.017	0.014	0.019
305.00	-0.005	0.013	0.015	0.026	0.017	0.015	0.014	0.012	0.017	0.014	0.019
306.00	-0.005	0.012	0.014	0.025	0.016	0.014	0.014	0.012	0.017	0.013	0.018
307.00	-0.005	0.012	0.014	0.025	0.016	0.014	0.013	0.011	0.016	0.013	0.018
308.00	-0.005	0.012	0.013	0.025	0.016	0.014	0.013	0.011	0.016	0.013	0.017
309.00	-0.005	0.012	0.013	0.024	0.016	0.013	0.012	0.011	0.016	0.012	0.017
310.00	-0.005	0.012	0.012	0.024	0.015	0.013	0.012	0.011	0.015	0.012	0.017
311.00	-0.005	0.012	0.012	0.024	0.015	0.013	0.012	0.011	0.015	0.012	0.016
312.00	-0.005	0.011	0.012	0.024	0.015	0.013	0.011	0.011	0.015	0.012	0.016
313.00	-0.005	0.011	0.011	0.023	0.015	0.012	0.011	0.010	0.015	0.012	0.016
314.00	-0.005	0.011	0.011	0.023	0.015	0.012	0.011	0.011	0.014	0.011	0.015
315.00	-0.005	0.011	0.011	0.023	0.014	0.012	0.011	0.010	0.014	0.011	0.015
316.00	-0.005	0.011	0.011	0.023	0.014	0.012	0.010	0.010	0.014	0.011	0.015
317.00	-0.005	0.011	0.011	0.022	0.014	0.011	0.010	0.010	0.013	0.011	0.015
318.00	-0.005	0.011	0.010	0.022	0.014	0.011	0.010	0.010	0.013	0.010	0.014
319.00	-0.005	0.010	0.010	0.022	0.014	0.011	0.010	0.009	0.013	0.010	0.014
320.00	-0.005	0.010	0.010	0.022	0.014	0.011	0.010	0.009	0.013	0.010	0.014
321.00	-0.005	0.010	0.010	0.022	0.014	0.011	0.009	0.009	0.012	0.010	0.014
322.00	-0.005	0.010	0.009	0.021	0.013	0.010	0.009	0.009	0.012	0.009	0.013
323.00	-0.005	0.010	0.009	0.021	0.013	0.010	0.009	0.009	0.012	0.009	0.013
324.00	-0.005	0.010	0.009	0.021	0.013	0.010	0.009	0.009	0.012	0.009	0.013
325.00	-0.005	0.010	0.009	0.020	0.013	0.010	0.008	0.009	0.011	0.009	0.013
326.00	-0.005	0.009	0.008	0.020	0.013	0.009	0.008	0.009	0.011	0.009	0.012
327.00	-0.005	0.009	0.008	0.020	0.012	0.009	0.008	0.008	0.011	0.008	0.012
328.00	-0.005	0.009	0.008	0.020	0.012	0.009	0.008	0.009	0.011	0.008	0.012
329.00	-0.004	0.009	0.008	0.020	0.013	0.009	0.008	0.009	0.011	0.008	0.012
330.00	-0.004	0.009	0.008	0.019	0.012	0.009	0.008	0.008	0.010	0.008	0.011
331.00	-0.004	0.009	0.007	0.019	0.012	0.008	0.007	0.008	0.010	0.008	0.011
332.00	-0.004	0.008	0.007	0.019	0.012	0.008	0.007	0.008	0.010	0.008	0.011
333.00	-0.004	0.008	0.007	0.018	0.012	0.008	0.007	0.008	0.010	0.008	0.011
334.00	-0.004	0.008	0.007	0.018	0.012	0.008	0.007	0.008	0.010	0.008	0.010
335.00	-0.004	0.008	0.007	0.018	0.012	0.008	0.007	0.008	0.009	0.007	0.010
336.00	-0.004	0.008	0.007	0.018	0.012	0.008	0.007	0.008	0.009	0.007	0.010
337.00	-0.004	0.008	0.007	0.018	0.011	0.007	0.006	0.008	0.009	0.007	0.009
338.00	-0.004	0.008	0.007	0.018	0.011	0.007	0.006	0.007	0.009	0.007	0.010
339.00	-0.004	0.008	0.007	0.017	0.011	0.008	0.006	0.008	0.009	0.007	0.010
340.00	-0.002	0.009	0.008	0.019	0.013	0.009	0.008	0.009	0.010	0.008	0.011
341.00	-0.004	0.008	0.006	0.017	0.011	0.007	0.006	0.007	0.008	0.007	0.009
342.00	-0.004	0.007	0.006	0.017	0.010	0.007	0.006	0.007	0.008	0.006	0.009
343.00	-0.004	0.007	0.006	0.017	0.011	0.007	0.006	0.007	0.008	0.006	0.009
344.00	-0.004	0.007	0.006	0.017	0.011	0.007	0.006	0.007	0.008	0.006	0.008
345.00	-0.004	0.007	0.005	0.016	0.010	0.006	0.005	0.007	0.008	0.006	0.008
346.00	-0.004	0.006	0.005	0.016	0.010	0.006	0.005	0.006	0.007	0.005	0.008
347.00	-0.004	0.007	0.005	0.016	0.010	0.006	0.005	0.006	0.007	0.005	0.008
348.00	-0.004	0.006	0.005	0.016	0.010	0.006	0.005	0.006	0.007	0.005	0.008
349.00	-0.004	0.007	0.005	0.015	0.010	0.006	0.005	0.006	0.007	0.005	0.008
350.00	-0.004	0.007	0.005	0.015	0.010	0.006	0.005	0.006	0.007	0.005	0.007
351.00	-0.004	0.007	0.005	0.015	0.010	0.006	0.005	0.006	0.007	0.005	0.007
352.00	-0.004	0.007	0.005	0.015	0.009	0.006	0.005	0.006	0.007	0.005	0.007
353.00	-0.004	0.006	0.004	0.015	0.009	0.005	0.004	0.006	0.006	0.004	0.007
354.00	-0.004	0.006	0.004	0.014	0.009	0.005	0.004	0.006	0.006	0.005	0.007
355.00	-0.003	0.006	0.004	0.015	0.010	0.006	0.005	0.006	0.006	0.005	0.007
356.00	-0.003	0.006	0.004	0.015	0.009	0.005	0.005	0.006	0.006	0.005	0.007
357.00	-0.003	0.006	0.004	0.014	0.009	0.005	0.004	0.005	0.006	0.005	0.006
358.00	-0.004	0.006	0.004	0.014	0.009	0.005	0.004	0.005	0.006	0.004	0.006
359.00	-0.004	0.006	0.004	0.014	0.009	0.005	0.004	0.005	0.006	0.004	0.006
360.00	-0.004	0.006	0.004	0.014	0.009	0.005	0.004	0.005	0.005	0.004	0.006
361.00	-0.004	0.005	0.004	0.014	0.008	0.005	0.004	0.005	0.005	0.004	0.006
362.00	-0.003	0.006	0.004	0.014	0.008	0.005	0.004	0.005	0.005	0.004	0.006
363.00	-0.003	0.006	0.004	0.014	0.008	0.005	0.004	0.005	0.005	0.004	0.006
364.00	-0.003	0.006	0.004	0.014	0.008	0.005	0.004	0.005	0.005	0.004	0.006
365.00	-0.003	0.006	0.004	0.013	0.008	0.005	0.003	0.005	0.005	0.004	0.006
366.00	-0.003	0.006	0.004	0.013	0.008	0.005	0.004	0.005	0.005	0.004	0.006
367.00	-0.003	0.005	0.003	0.013	0.008	0.005	0.003	0.005	0.005	0.003	0.006
368.00	-0.003	0.005	0.003	0.013	0.008	0.004	0.003	0.005	0.005	0.003	0.005
369.00	-0.003	0.005	0.003	0.013	0.008	0.005	0.003	0.005	0.005	0.003	0.005
370.00	-0.003	0.005	0.003	0.013	0.008	0.005	0.003	0.005	0.005	0.003	0.005
371.00	-0.003	0.005	0.003	0.013	0.008	0.004	0.003	0.005	0.005	0.003	0.005
372.00	-0.003	0.005	0.003	0.013	0.007	0.004	0.003	0.005	0.004	0.003	0.005
373.00	-0.003	0.005	0.003	0.012	0.008	0.004	0.003	0.005	0.004	0.003	0.005
374.00	-0.003	0.005	0.003	0.012	0.008	0.004	0.003	0.005	0.004	0.003	0.005
375.00	-0.003	0.005	0.003	0.012	0.008	0.004	0.003	0.004	0.004	0.003	0.005
376.00	-0.003	0.005	0.003	0.012	0.008	0.004	0.003	0.004	0.004	0.003	0.004
377.00	-0.003	0.005	0.003	0.012	0.007	0.004	0.003	0.004	0.004	0.003	0.004
378.00	-0.003	0.005	0.003	0.012	0.007	0.004	0.003	0.004	0.004	0.003	0.004
379.00	-0.003	0.005	0.003	0.012	0.007	0.004	0.003	0.004	0.004	0.003	0.004
380.00	-0.003	0.004	0.003	0.012	0.007	0.004	0.003	0.004	0.004	0.003	0.004
381.00	-0.003	0.004	0.003	0.011	0.007	0.003	0.002	0.004	0.004	0.002	0.004
382.00	-0.003	0.004	0.003	0.011	0.007	0.003	0.002	0.004	0.004	0.002	0.004
383.00	-0.003	0.004	0.003	0.011	0.007	0.003	0.003	0.004	0.004	0.003	0.004
384.00	-0.002	0.004	0.003	0.011	0.007	0.003	0.002	0.004	0.004	0.003	0.004
385.00	-0.002	0.004	0.002	0.011	0.007	0.003	0.002	0.004	0.003	0.002	0.004
386.00	-0.002	0.004	0.002	0.011	0.007	0.003	0.002	0.004	0.003	0.002	0.004
387.00	-0.002	0.004	0.002	0.011	0.007	0.003	0.002	0.004	0.003	0.002	0.003
388.00	-0.002	0.004	0.002	0.011	0.007	0.003	0.002	0.004	0.003	0.002	0.004
389.00	-0.002	0.004	0.002	0.011	0.007	0.003	0.002	0.004	0.003	0.002	0.004
390.00	-0.002	0.004	0.002	0.010	0.007	0.003	0.002	0.004	0.003	0.002	0.003
391.00	-0.002	0.004	0.002	0.010	0.007	0.003	0.002	0.004	0.003	0.002	0.003
392.00	-0.002	0.004	0.002	0.010	0.007	0.003	0.002	0.004	0.003	0.002	0.003
393.00	-0.002	0.004	0.002	0.010	0.007	0.003	0.002	0.004	0.003	0.002	0.003
394.00	-0.002	0.004	0.002	0.010	0.006	0.003	0.002	0.004	0.003	0.002	0.003
395.00	-0.002	0.004	0.002	0.010	0.006	0.003	0.002	0.004	0.003	0.002	0.003
396.00	-0.002	0.003	0.002	0.010	0.006	0.003	0.002	0.004	0.003	0.002	0.003
397.00	-0.002	0.004	0.002	0.010	0.006	0.003	0.002	0.004	0.003	0.002	0.003
398.00	-0.002	0.004	0.002	0.010	0.006	0.003	0.002	0.004	0.003	0.002	0.003
399.00	-0.002	0.003	0.002	0.010	0.006	0.003	0.002	0.003	0.003	0.002	0.003
400.00	-0.002	0.004	0.002	0.010	0.006	0.003	0.002	0.003	0.003	0.002	0.003
401.00	-0.002	0.003	0.002	0.009	0.006	0.003	0.002	0.003	0.002	0.002	0.003
402.00	-0.002	0.003	0.002	0.009	0.006	0.003	0.002	0.003	0.002	0.002	0.003
403.00	-0.002	0.003	0.002	0.009	0.006	0.003	0.002	0.003	0.002	0.002	0.003
404.00	-0.002	0.003	0.002	0.009	0.006	0.003	0.002	0.003	0.002	0.002	0.003
405.00	-0.002	0.003	0.002	0.009	0.006	0.003	0.002	0.003	0.002	0.002	0.002
406.00	-0.002	0.003	0.002	0.009	0.006	0.003	0.002	0.003	0.002	0.002	0.003
407.00	-0.002	0.003	0.002	0.009	0.006	0.003	0.002	0.003	0.002	0.002	0.003
408.00	-0.002	0.003	0.002	0.009	0.006	0.003	0.002	0.003	0.002	0.002	0.003
409.00	-0.002	0.003	0.002	0.009	0.006	0.003	0.002	0.003	0.002	0.002	0.003
410.00	-0.002	0.003	0.002	0.009	0.006	0.003	0.002	0.003	0.002	0.002	0.003
411.00	-0.002	0.003	0.001	0.009	0.006	0.003	0.002	0.003	0.002	0.002	0.002
412.00	-0.002	0.003	0.002	0.009	0.006	0.003	0.002	0.003	0.002	0.002	0.002
413.00	-0.002	0.003	0.002	0.009	0.006	0.003	0.002	0.003	0.002	0.002	0.002
414.00	-0.002	0.003	0.002	0.009	0.006	0.003	0.001	0.003	0.002	0.001	0.002
415.00	-0.002	0.003	0.002	0.009	0.006	0.003	0.001	0.003	0.002	0.001	0.002
416.00	-0.001	0.003	0.002	0.009	0.006	0.003	0.002	0.003	0.002	0.002	0.002
417.00	-0.002	0.003	0.001	0.008	0.006	0.003	0.001	0.003	0.002	0.001	0.002
418.00	-0.002	0.003	0.001	0.008	0.006	0.003	0.001	0.003	0.002	0.001	0.002
419.00	-0.002	0.003	0.001	0.008	0.006	0.003	0.001	0.003	0.002	0.001	0.002
420.00	-0.002	0.003	0.001	0.008	0.006	0.002	0.001	0.003	0.002	0.001	0.002
421.00	-0.002	0.003	0.001	0.008	0.006	0.003	0.001	0.003	0.002	0.001	0.002
422.00	-0.001	0.003	0.001	0.008	0.006	0.003	0.001	0.003	0.002	0.001	0.002
423.00	-0.001	0.003	0.001	0.008	0.006	0.003	0.001	0.003	0.002	0.001	0.002
424.00	-0.001	0.003	0.001	0.008	0.005	0.003	0.001	0.003	0.002	0.001	0.002
425.00	-0.001	0.003	0.001	0.008	0.005	0.002	0.001	0.003	0.002	0.001	0.002
426.00	-0.001	0.003	0.001	0.008	0.005	0.002	0.001	0.003	0.002	0.001	0.002
427.00	-0.001	0.003	0.001	0.008	0.005	0.002	0.001	0.003	0.002	0.001	0.002
428.00	-0.001	0.003	0.001	0.008	0.005	0.003	0.001	0.003	0.002	0.001	0.002
429.00	-0.001	0.003	0.001	0.008	0.005	0.002	0.001	0.003	0.002	0.001	0.002
430.00	-0.001	0.003	0.001	0.008	0.005	0.002	0.001	0.003	0.002	0.001	0.002
431.00	-0.001	0.003	0.001	0.008	0.005	0.002	0.001	0.003	0.002	0.001	0.002
432.00	-0.001	0.003	0.001	0.008	0.005	0.002	0.001	0.003	0.002	0.001	0.002
433.00	-0.001	0.003	0.001	0.008	0.005	0.002	0.001	0.003	0.002	0.001	0.002
434.00	-0.001	0.003	0.001	0.008	0.005	0.002	0.001	0.003	0.002	0.001	0.002
435.00	-0.001	0.003	0.001	0.008	0.005	0.002	0.001	0.003	0.002	0.001	0.002
436.00	-0.001	0.003	0.001	0.008	0.005	0.002	0.001	0.003	0.002	0.001	0.002
437.00	-0.001	0.003	0.001	0.007	0.005	0.002	0.001	0.003	0.002	0.001	0.002
438.00	-0.001	0.003	0.001	0.007	0.005	0.002	0.001	0.003	0.002	0.001	0.002
439.00	-0.001	0.003	0.001	0.007	0.005	0.002	0.001	0.003	0.001	0.001	0.001
440.00	-0.001	0.003	0.001	0.007	0.005	0.002	0.001	0.003	0.001	0.001	0.001
441.00	-0.001	0.002	0.001	0.007	0.005	0.002	0.001	0.003	0.001	0.001	0.001
442.00	-0.001	0.003	0.001	0.007	0.005	0.002	0.001	0.003	0.001	0.001	0.001
443.00	-0.001	0.003	0.001	0.007	0.005	0.002	0.001	0.003	0.001	0.001	0.001
444.00	-0.001	0.002	0.001	0.007	0.005	0.002	0.001	0.002	0.001	0.001	0.001
445.00	-0.001	0.002	0.001	0.007	0.005	0.002	0.001	0.002	0.001	0.001	0.001
446.00	-0.001	0.002	0.001	0.007	0.005	0.002	0.001	0.002	0.001	0.001	0.001
447.00	-0.001	0.002	0.001	0.007	0.005	0.002	0.001	0.003	0.001	0.001	0.001
448.00	-0.001	0.002	0.001	0.007	0.005	0.002	0.001	0.003	0.001	0.001	0.001
449.00	-0.001	0.002	0.001	0.007	0.005	0.002	0.001	0.003	0.001	0.001	0.001
450.00	-0.001	0.002	0.001	0.007	0.005	0.002	0.001	0.003	0.001	0.001	0.001
451.00	-0.001	0.002	0.001	0.007	0.005	0.002	0.001	0.002	0.001	0.001	0.001
452.00	-0.001	0.002	0.001	0.007	0.005	0.002	0.001	0.003	0.001	0.001	0.001
453.00	-0.001	0.002	0.001	0.007	0.005	0.002	0.001	0.002	0.001	0.001	0.001
454.00	-0.001	0.002	0.001	0.007	0.005	0.002	0.001	0.002	0.001	0.001	0.001
455.00	-0.001	0.002	0.001	0.006	0.005	0.002	0.001	0.002	0.001	0.001	0.001
456.00	-0.001	0.002	0.001	0.006	0.005	0.002	0.001	0.002	0.001	0.001	0.001
457.00	-0.001	0.002	0.001	0.006	0.005	0.002	0.001	0.002	0.001	0.001	0.001
458.00	-0.001	0.002	0.001	0.006	0.005	0.002	0.001	0.002	0.001	0.001	0.001
459.00	-0.001	0.002	0.001	0.006	0.005	0.002	0.001	0.002	0.001	0.001	0.001
460.00	-0.001	0.002	0.001	0.006	0.004	0.002	0.001	0.002	0.001	0.001	0.001
461.00	-0.001	0.002	0.001	0.006	0.005	0.002	0.001	0.002	0.001	0.001	0.001
462.00	-0.001	0.002	0.001	0.006	0.005	0.002	0.001	0.002	0.001	0.001	0.001
463.00	-0.001	0.002	0.001	0.006	0.004	0.002	0.001	0.002	0.001	0.001	0.001
464.00	-0.001	0.002	0.001	0.006	0.004	0.002	0.001	0.002	0.001	0.001	0.001
465.00	-0.001	0.002	0.001	0.006	0.004	0.002	0.001	0.002	0.001	0.001	0.001
466.00	-0.001	0.002	0.001	0.006	0.004	0.002	0.001	0.002	0.001	0.001	0.001
467.00	-0.001	0.002	0.001	0.006	0.004	0.002	0.001	0.002	0.001	0.001	0.001
468.00	-0.001	0.002	0.001	0.006	0.004	0.002	0.001	0.002	0.001	0.001	0.001
469.00	-0.001	0.002	0.001	0.006	0.004	0.002	0.001	0.002	0.001	0.001	0.001
470.00	-0.001	0.002	0.001	0.006	0.004	0.002	0.001	0.002	0.001	0.001	0.001
471.00	-0.001	0.002	0.001	0.006	0.004	0.002	0.001	0.002	0.001	0.000	0.001
472.00	-0.001	0.002	0.001	0.006	0.004	0.002	0.001	0.002	0.001	0.000	0.001
473.00	-0.001	0.002	0.001	0.006	0.004	0.002	0.001	0.002	0.001	0.001	0.001
474.00	-0.001	0.002	0.001	0.006	0.004	0.002	0.001	0.002	0.001	0.001	0.001
475.00	-0.001	0.002	0.001	0.006	0.004	0.002	0.001	0.002	0.001	0.000	0.001
476.00	-0.001	0.002	0.001	0.006	0.004	0.002	0.001	0.002	0.001	0.000	0.001
477.00	-0.001	0.002	0.001	0.006	0.004	0.002	0.001	0.002	0.001	0.001	0.001
478.00	-0.001	0.002	0.001	0.006	0.004	0.002	0.001	0.002	0.001	0.001	0.001
479.00	-0.001	0.002	0.001	0.006	0.004	0.002	0.001	0.002	0.001	0.001	0.001
480.00	-0.001	0.002	0.001	0.006	0.004	0.002	0.001	0.002	0.001	0.001	0.001
481.00	-0.001	0.002	0.001	0.006	0.004	0.002	0.001	0.002	0.001	0.000	0.001
482.00	-0.001	0.002	0.000	0.006	0.004	0.002	0.001	0.002	0.001	0.000	0.001
483.00	-0.001	0.002	0.001	0.006	0.004	0.002	0.001	0.002	0.001	0.000	0.001
484.00	-0.001	0.002	0.001	0.006	0.004	0.002	0.001	0.002	0.001	0.000	0.001
485.00	-0.001	0.002	0.001	0.006	0.004	0.002	0.001	0.002	0.001	0.000	0.001
486.00	-0.001	0.002	0.001	0.005	0.004	0.002	0.001	0.002	0.001	0.000	0.001
487.00	-0.001	0.002	0.001	0.005	0.004	0.002	0.001	0.002	0.001	0.000	0.001
488.00	-0.001	0.002	0.001	0.006	0.004	0.002	0.001	0.002	0.001	0.000	0.001
489.00	-0.001	0.002	0.000	0.005	0.004	0.002	0.001	0.002	0.000	0.000	0.000
490.00	-0.001	0.002	0.000	0.005	0.004	0.002	0.001	0.002	0.000	0.000	0.001
491.00	-0.001	0.002	0.000	0.005	0.004	0.002	0.001	0.002	0.001	0.000	0.001
492.00	-0.001	0.002	0.001	0.005	0.004	0.002	0.001	0.002	0.001	0.000	0.001
493.00	-0.001	0.002	0.001	0.005	0.004	0.002	0.001	0.002	0.001	0.000	0.001
494.00	-0.001	0.002	0.001	0.005	0.004	0.002	0.001	0.002	0.001	0.000	0.001
495.00	-0.001	0.002	0.001	0.005	0.004	0.002	0.001	0.002	0.001	0.000	0.001
496.00	-0.001	0.002	0.001	0.005	0.004	0.002	0.001	0.002	0.001	0.000	0.001
497.00	-0.001	0.002	0.001	0.005	0.004	0.002	0.001	0.002	0.001	0.000	0.001
498.00	-0.001	0.002	0.001	0.005	0.004	0.002	0.001	0.002	0.001	0.000	0.001
499.00	-0.001	0.002	0.000	0.005	0.004	0.002	0.001	0.002	0.001	0.000	0.001
500.00	-0.001	0.002	0.000	0.005	0.004	0.002	0.001	0.002	0.001	0.001	0.001
501.00	-0.001	0.002	0.000	0.005	0.004	0.002	0.001	0.002	0.001	0.001	0.001
502.00	-0.001	0.002	0.001	0.005	0.004	0.002	0.001	0.002	0.001	0.000	0.001
503.00	-0.001	0.002	0.001	0.005	0.004	0.002	0.001	0.002	0.001	0.000	0.001
504.00	-0.001	0.002	0.000	0.005	0.004	0.002	0.001	0.002	0.001	0.000	0.001
505.00	-0.001	0.002	0.000	0.005	0.004	0.002	0.001	0.002	0.001	0.000	0.001
506.00	-0.001	0.002	0.001	0.005	0.004	0.002	0.001	0.002	0.001	0.000	0.001
507.00	-0.001	0.002	0.000	0.005	0.004	0.002	0.001	0.002	0.001	0.000	0.001
508.00	-0.001	0.002	0.000	0.005	0.004	0.002	0.001	0.002	0.001	0.000	0.001
509.00	-0.001	0.002	0.000	0.005	0.004	0.002	0.001	0.002	0.001	0.000	0.001
510.00	-0.001	0.002	0.000	0.005	0.004	0.002	0.001	0.002	0.001	0.000	0.001
511.00	-0.001	0.002	0.000	0.005	0.004	0.002	0.001	0.002	0.001	0.000	0.001
512.00	-0.001	0.002	0.000	0.005	0.004	0.002	0.001	0.002	0.001	0.000	0.001
513.00	-0.001	0.002	0.000	0.005	0.004	0.002	0.001	0.002	0.001	0.000	0.001
514.00	-0.001	0.002	0.000	0.005	0.004	0.002	0.001	0.002	0.001	0.000	0.001
515.00	-0.001	0.002	0.000	0.005	0.004	0.002	0.001	0.002	0.001	0.000	0.001
516.00	-0.001	0.002	0.000	0.005	0.004	0.002	0.001	0.002	0.001	0.000	0.001
517.00	-0.000	0.002	0.000	0.005	0.004	0.002	0.001	0.002	0.001	0.000	0.001
518.00	-0.000	0.002	0.000	0.005	0.004	0.002	0.001	0.002	0.001	0.000	0.001
519.00	-0.000	0.002	0.000	0.005	0.004	0.002	0.001	0.002	0.001	0.000	0.001
520.00	-0.000	0.002	0.000	0.005	0.004	0.002	0.001	0.002	0.001	0.000	0.001
521.00	-0.000	0.002	0.000	0.005	0.004	0.002	0.001	0.002	0.001	0.000	0.001
522.00	-0.000	0.002	0.000	0.005	0.004	0.002	0.001	0.002	0.001	0.000	0.001
523.00	-0.000	0.002	0.000	0.005	0.004	0.002	0.001	0.002	0.001	0.000	0.001
524.00	-0.001	0.002	0.000	0.005	0.004	0.002	0.001	0.002	0.001	0.000	0.001
525.00	-0.001	0.002	0.000	0.005	0.004	0.002	0.001	0.002	0.001	0.000	0.001
526.00	-0.000	0.002	0.000	0.005	0.004	0.002	0.001	0.002	0.001	0.000	0.001
527.00	-0.001	0.002	0.000	0.005	0.004	0.002	0.001	0.002	0.001	0.000	0.001
528.00	-0.000	0.002	0.000	0.005	0.004	0.002	0.001	0.002	0.001	0.000	0.001
529.00	-0.000	0.002	0.000	0.005	0.004	0.002	0.001	0.002	0.001	0.000	0.001
530.00	-0.000	0.002	0.000	0.005	0.004	0.002	0.001	0.002	0.001	0.000	0.001
531.00	-0.000	0.002	0.000	0.005	0.004	0.002	0.001	0.002	0.001	0.000	0.001
532.00	-0.001	0.002	0.000	0.005	0.004	0.001	0.001	0.002	0.001	0.000	0.000
533.00	-0.001	0.002	0.000	0.005	0.004	0.001	0.000	0.002	0.001	0.000	0.000
534.00	-0.001	0.002	0.000	0.005	0.004	0.001	0.000	0.002	0.001	0.000	0.000
535.00	-0.000	0.002	0.001	0.005	0.004	0.002	0.001	0.002	0.001	0.000	0.001
536.00	0.001	0.003	0.001	0.006	0.005	0.003	0.002	0.003	0.002	0.001	0.002
537.00	-0.000	0.002	0.001	0.005	0.004	0.002	0.001	0.002	0.001	0.001	0.001
538.00	-0.000	0.002	0.000	0.005	0.004	0.001	0.001	0.002	0.001	0.000	0.000
539.00	-0.000	0.002	0.000	0.005	0.004	0.002	0.001	0.002	0.001	0.000	0.001
540.00	-0.000	0.002	0.000	0.005	0.004	0.002	0.001	0.002	0.001	0.000	0.001
541.00	-0.000	0.002	0.000	0.005	0.004	0.002	0.001	0.002	0.001	0.000	0.000
542.00	-0.000	0.002	0.000	0.005	0.004	0.002	0.001	0.002	0.001	0.000	0.001
543.00	-0.000	0.002	0.000	0.005	0.004	0.002	0.001	0.002	0.001	0.000	0.000
544.00	-0.000	0.002	0.000	0.005	0.004	0.002	0.001	0.002	0.001	0.000	0.000
545.00	-0.000	0.002	0.000	0.005	0.004	0.002	0.001	0.002	0.001	0.000	0.001
546.00	-0.000	0.002	0.000	0.005	0.003	0.002	0.001	0.002	0.001	0.000	0.000
547.00	-0.000	0.002	0.000	0.005	0.004	0.001	0.001	0.002	0.001	0.000	0.000
548.00	-0.000	0.002	0.000	0.005	0.003	0.001	0.001	0.002	0.001	0.000	0.000
549.00	-0.000	0.002	0.000	0.005	0.004	0.002	0.001	0.002	0.001	0.000	0.000
550.00	-0.000	0.002	0.000	0.004	0.004	0.002	0.001	0.002	0.001	0.000	0.001
551.00	-0.000	0.001	0.000	0.004	0.003	0.001	0.001	0.002	0.001	0.000	0.000
552.00	-0.000	0.002	0.000	0.004	0.003	0.001	0.001	0.002	0.001	0.000	0.000
553.00	-0.000	0.001	0.000	0.004	0.003	0.001	0.001	0.002	0.001	0.000	0.001
554.00	-0.000	0.001	0.000	0.004	0.003	0.001	0.000	0.002	0.001	0.000	0.000
555.00	-0.000	0.001	0.000	0.004	0.003	0.001	0.001	0.002	0.001	0.000	0.000
556.00	-0.000	0.001	0.000	0.004	0.003	0.001	0.001	0.002	0.001	0.000	0.000
557.00	-0.000	0.001	0.000	0.004	0.004	0.001	0.001	0.002	0.001	0.000	0.000
558.00	-0.000	0.001	0.000	0.004	0.004	0.001	0.001	0.002	0.001	0.000	0.000
559.00	-0.000	0.002	0.000	0.004	0.004	0.001	0.001	0.002	0.001	0.000	0.000
560.00	-0.000	0.001	0.000	0.004	0.003	0.001	0.001	0.002	0.001	0.000	0.000
561.00	-0.000	0.001	0.000	0.004	0.003	0.001	0.001	0.002	0.001	0.000	0.000
562.00	-0.000	0.001	0.000	0.004	0.003	0.001	0.000	0.002	0.000	0.000	0.000
563.00	-0.000	0.001	0.000	0.004	0.003	0.001	0.000	0.002	0.000	0.000	0.000
564.00	-0.000	0.001	0.000	0.004	0.003	0.001	0.001	0.002	0.001	0.000	0.000
565.00	-0.000	0.001	0.000	0.004	0.003	0.001	0.001	0.002	0.000	0.000	0.000
566.00	-0.000	0.001	0.000	0.004	0.003	0.001	0.001	0.002	0.000	0.000	0.000
567.00	-0.000	0.001	0.000	0.004	0.003	0.001	0.001	0.002	0.001	0.000	0.000
568.00	-0.000	0.001	0.000	0.004	0.003	0.001	0.001	0.002	0.001	0.000	0.000
569.00	-0.000	0.001	0.000	0.004	0.003	0.001	0.001	0.002	0.000	0.000	0.000
570.00	-0.000	0.001	0.000	0.004	0.003	0.001	0.001	0.002	0.000	0.000	0.000
571.00	-0.000	0.001	0.000	0.004	0.003	0.001	0.001	0.002	0.000	0.000	0.000
572.00	-0.000	0.001	0.000	0.004	0.003	0.001	0.001	0.002	0.000	0.000	0.000
573.00	-0.000	0.001	0.000	0.004	0.003	0.001	0.001	0.002	0.001	0.000	0.000
574.00	-0.000	0.001	0.000	0.004	0.003	0.001	0.001	0.002	0.000	0.000	0.000
575.00	-0.000	0.002	0.000	0.004	0.003	0.001	0.001	0.002	0.001	0.000	0.000
576.00	-0.000	0.002	0.000	0.004	0.003	0.001	0.001	0.002	0.001	0.000	0.000
577.00	-0.000	0.001	0.000	0.004	0.003	0.001	0.001	0.002	0.001	0.000	0.000
578.00	-0.000	0.002	0.000	0.004	0.003	0.001	0.001	0.002	0.001	0.001	0.000
579.00	-0.000	0.001	0.000	0.004	0.003	0.001	0.001	0.002	0.001	0.001	0.000
580.00	-0.000	0.001	0.000	0.004	0.003	0.001	0.001	0.002	0.000	0.000	0.000
581.00	-0.000	0.001	0.000	0.004	0.003	0.001	0.001	0.002	0.000	0.000	0.000
582.00	-0.000	0.001	0.000	0.004	0.003	0.001	0.001	0.002	0.000	0.000	0.000
583.00	-0.000	0.001	0.000	0.004	0.003	0.001	0.001	0.002	0.000	0.000	0.000
584.00	-0.000	0.001	0.000	0.004	0.003	0.001	0.001	0.002	0.000	0.000	0.000
585.00	-0.000	0.001	0.000	0.004	0.003	0.001	0.001	0.002	0.001	0.000	0.000
586.00	-0.000	0.001	0.000	0.004	0.003	0.001	0.001	0.002	0.000	0.000	0.000
587.00	-0.000	0.001	0.000	0.004	0.003	0.001	0.001	0.002	0.000	0.000	0.000
588.00	-0.000	0.001	0.000	0.004	0.003	0.001	0.001	0.002	0.000	0.000	0.000
589.00	-0.000	0.001	0.000	0.004	0.003	0.001	0.001	0.002	0.000	0.000	0.000
590.00	-0.000	0.001	0.000	0.004	0.003	0.001	0.001	0.002	0.000	0.000	0.000
591.00	-0.000	0.001	0.000	0.004	0.003	0.001	0.001	0.002	0.000	0.000	0.000
592.00	-0.000	0.001	0.000	0.004	0.003	0.001	0.001	0.002	0.000	0.000	0.000
593.00	-0.000	0.001	0.000	0.004	0.003	0.001	0.001	0.002	0.000	0.000	0.000
594.00	-0.000	0.001	0.000	0.004	0.003	0.001	0.001	0.002	0.000	0.000	0.000
595.00	-0.000	0.001	0.000	0.004	0.003	0.001	0.001	0.002	0.000	0.000	0.000
596.00	-0.000	0.001	0.000	0.004	0.003	0.001	0.001	0.002	0.000	0.000	0.000
597.00	-0.000	0.001	0.000	0.004	0.003	0.001	0.001	0.002	0.000	0.000	0.000
598.00	-0.000	0.001	0.000	0.004	0.003	0.001	0.001	0.002	0.000	0.000	0.000
599.00	-0.000	0.001	0.000	0.004	0.003	0.001	0.001	0.002	0.000	0.000	0.000
600.00	-0.000	0.001	0.000	0.004	0.003	0.001	0.001	0.002	0.000	0.000	0.000
601.00	-0.000	0.001	0.000	0.004	0.003	0.001	0.001	0.002	0.000	0.000	0.000
602.00	-0.000	0.001	0.000	0.004	0.003	0.001	0.001	0.002	0.000	0.000	0.000
603.00	-0.000	0.001	0.000	0.004	0.003	0.001	0.001	0.002	0.000	0.000	0.000
604.00	-0.000	0.001	0.000	0.004	0.003	0.001	0.000	0.002	0.000	0.000	0.000
605.00	-0.000	0.001	0.000	0.004	0.003	0.001	0.000	0.002	0.000	0.000	0.000
606.00	-0.000	0.001	0.000	0.004	0.003	0.001	0.001	0.002	0.000	0.000	0.000
607.00	-0.000	0.001	0.000	0.004	0.003	0.001	0.001	0.002	0.000	0.000	0.000
608.00	-0.000	0.001	0.000	0.004	0.003	0.001	0.000	0.002	0.000	0.000	0.000
609.00	-0.000	0.001	0.000	0.004	0.003	0.001	0.000	0.002	0.000	0.000	0.000
610.00	-0.000	0.001	0.000	0.004	0.003	0.001	0.000	0.002	0.000	0.000	0.000
611.00	-0.000	0.001	0.000	0.004	0.003	0.001	0.000	0.002	0.000	0.000	0.000
612.00	-0.000	0.001	0.000	0.004	0.003	0.001	0.001	0.002	0.001	0.000	0.000
613.00	-0.000	0.001	0.000	0.004	0.003	0.001	0.001	0.002	0.001	0.001	0.000
614.00	-0.000	0.001	0.000	0.004	0.003	0.001	0.001	0.002	0.000	0.000	0.000
615.00	-0.000	0.001	0.000	0.004	0.003	0.001	0.000	0.002	0.000	0.000	0.000
616.00	-0.000	0.001	0.000	0.004	0.003	0.001	0.001	0.002	0.000	0.000	0.000
617.00	-0.000	0.001	0.000	0.004	0.003	0.001	0.000	0.002	0.000	0.000	0.000
618.00	-0.000	0.001	0.000	0.004	0.003	0.001	0.001	0.002	0.000	0.000	0.000
619.00	-0.000	0.001	0.000	0.004	0.003	0.001	0.000	0.002	0.000	0.000	0.000
620.00	-0.000	0.001	0.000	0.004	0.003	0.001	0.001	0.002	0.000	0.000	0.000
621.00	-0.000	0.001	0.000	0.004	0.003	0.001	0.001	0.002	0.000	0.000	0.000
622.00	-0.000	0.001	0.000	0.004	0.003	0.001	0.001	0.002	0.000	0.000	0.000
623.00	-0.000	0.001	0.000	0.004	0.003	0.001	0.001	0.002	0.000	0.000	0.000
624.00	-0.000	0.001	0.000	0.004	0.003	0.001	0.001	0.002	0.001	0.000	0.000
625.00	-0.000	0.001	0.000	0.004	0.003	0.001	0.001	0.002	0.000	0.000	0.000
626.00	-0.000	0.001	0.000	0.004	0.003	0.001	0.000	0.002	0.000	0.000	0.000
627.00	-0.000	0.001	0.000	0.004	0.003	0.001	0.001	0.002	0.000	0.000	0.000
628.00	-0.000	0.001	0.000	0.004	0.003	0.001	0.001	0.002	0.001	0.000	0.000
629.00	-0.000	0.001	0.000	0.004	0.003	0.001	0.001	0.002	0.000	0.000	0.000
630.00	-0.000	0.001	0.000	0.004	0.003	0.001	0.000	0.002	0.000	0.000	0.000
631.00	-0.000	0.001	0.000	0.004	0.003	0.001	0.000	0.002	0.000	0.000	0.000
632.00	-0.000	0.001	0.000	0.004	0.003	0.001	0.001	0.002	0.001	0.000	0.000
633.00	-0.000	0.001	0.000	0.004	0.003	0.001	0.001	0.002	0.001	0.000	0.000
634.00	-0.000	0.001	0.000	0.004	0.003	0.001	0.000	0.002	0.000	0.000	0.000
635.00	-0.000	0.001	0.000	0.004	0.003	0.001	0.000	0.002	0.000	0.000	0.000
636.00	-0.000	0.001	0.000	0.004	0.003	0.001	0.000	0.002	0.000	0.000	0.000
637.00	-0.000	0.001	0.000	0.004	0.003	0.001	0.000	0.002	0.000	0.000	0.000
638.00	-0.000	0.001	0.000	0.003	0.003	0.001	0.000	0.002	0.000	0.000	0.000
639.00	-0.000	0.001	0.000	0.004	0.003	0.001	0.000	0.001	0.000	0.000	0.000
640.00	-0.000	0.001	0.000	0.004	0.003	0.001	0.000	0.002	0.000	0.000	0.000
641.00	-0.000	0.001	0.000	0.004	0.003	0.001	0.000	0.002	0.000	0.000	0.000
642.00	-0.000	0.001	0.000	0.004	0.003	0.001	0.000	0.002	0.000	0.000	0.000
643.00	-0.000	0.001	0.000	0.004	0.003	0.001	0.000	0.001	0.000	0.000	0.000
644.00	-0.000	0.001	0.000	0.004	0.003	0.001	0.000	0.001	0.000	0.000	0.000
645.00	-0.000	0.001	0.000	0.004	0.003	0.001	0.000	0.002	0.000	0.000	0.000
646.00	-0.000	0.001	0.000	0.004	0.003	0.001	0.000	0.002	0.000	0.000	0.000
647.00	-0.000	0.001	0.000	0.004	0.003	0.001	0.000	0.002	0.000	0.000	0.000
648.00	-0.000	0.001	0.000	0.004	0.003	0.001	0.000	0.002	0.000	0.000	0.000
649.00	-0.000	0.001	0.000	0.004	0.003	0.001	0.000	0.002	0.001	0.000	0.000
650.00	-0.000	0.001	0.000	0.004	0.003	0.001	0.000	0.002	0.001	0.000	0.000
651.00	-0.000	0.001	0.000	0.004	0.003	0.001	0.000	0.002	0.000	0.000	0.000
652.00	-0.000	0.001	0.000	0.004	0.003	0.001	0.000	0.002	0.001	0.000	0.000
653.00	-0.000	0.001	0.000	0.004	0.003	0.001	0.000	0.002	0.001	0.000	0.000
654.00	-0.000	0.001	0.000	0.004	0.003	0.001	0.000	0.002	0.001	0.000	0.000
655.00	-0.000	0.001	0.000	0.004	0.003	0.001	0.001	0.002	0.001	0.000	0.000
656.00	-0.000	0.001	0.000	0.004	0.003	0.001	0.001	0.002	0.001	0.000	0.000
657.00	-0.000	0.001	0.000	0.004	0.003	0.001	0.001	0.002	0.001	0.000	0.000
658.00	-0.000	0.001	0.000	0.004	0.003	0.001	0.001	0.002	0.001	0.000	0.000
659.00	-0.000	0.001	0.000	0.004	0.003	0.001	0.001	0.002	0.001	0.000	0.000
660.00	-0.000	0.001	0.000	0.004	0.003	0.001	0.000	0.002	0.001	0.000	0.000
661.00	-0.000	0.001	0.000	0.004	0.003	0.001	0.001	0.002	0.001	0.000	0.000
662.00	-0.000	0.001	0.000	0.004	0.003	0.001	0.001	0.002	0.001	0.000	0.000
663.00	-0.000	0.001	0.000	0.004	0.003	0.001	0.001	0.002	0.001	0.000	0.000
664.00	-0.000	0.001	0.000	0.004	0.003	0.001	0.001	0.002	0.001	0.000	0.000
665.00	-0.000	0.001	0.000	0.004	0.003	0.001	0.000	0.002	0.001	0.000	0.000
666.00	-0.000	0.001	0.000	0.004	0.003	0.001	0.001	0.002	0.001	0.000	0.000
667.00	-0.000	0.001	0.000	0.004	0.003	0.001	0.000	0.002	0.001	0.000	0.000
668.00	-0.000	0.001	0.000	0.004	0.003	0.001	0.000	0.002	0.001	0.000	0.000
669.00	-0.000	0.001	0.000	0.004	0.003	0.001	0.000	0.002	0.001	0.000	0.000
670.00	-0.000	0.001	0.000	0.004	0.003	0.001	0.000	0.002	0.001	0.000	0.000
671.00	-0.000	0.001	0.000	0.004	0.003	0.001	0.000	0.002	0.001	0.000	0.000
672.00	-0.000	0.001	0.000	0.004	0.003	0.001	0.001	0.002	0.001	0.000	0.000
673.00	-0.000	0.001	0.000	0.004	0.003	0.001	0.001	0.002	0.001	0.000	0.000
674.00	-0.000	0.001	0.000	0.004	0.003	0.001	0.001	0.002	0.001	0.000	0.001
675.00	-0.000	0.001	0.000	0.004	0.003	0.001	0.001	0.002	0.001	0.000	0.000
676.00	-0.000	0.001	0.000	0.004	0.003	0.001	0.001	0.002	0.001	0.000	0.000
677.00	-0.000	0.001	0.000	0.004	0.003	0.001	0.001	0.002	0.001	0.000	0.000
678.00	-0.000	0.001	0.000	0.004	0.003	0.001	0.001	0.002	0.001	0.000	0.000
679.00	-0.000	0.001	0.000	0.004	0.003	0.001	0.001	0.002	0.001	0.000	0.000
680.00	-0.000	0.001	0.000	0.004	0.003	0.001	0.001	0.002	0.001	0.000	0.000
681.00	-0.000	0.001	0.000	0.004	0.003	0.001	0.001	0.002	0.001	0.000	0.000
682.00	-0.000	0.001	0.000	0.004	0.003	0.001	0.001	0.002	0.001	0.000	0.000
683.00	-0.000	0.001	0.000	0.003	0.003	0.001	0.000	0.002	0.000	0.000	0.000
684.00	-0.000	0.001	0.000	0.004	0.003	0.001	0.001	0.002	0.001	0.000	0.000
685.00	-0.000	0.001	0.000	0.003	0.003	0.001	0.001	0.002	0.001	0.000	0.000
686.00	-0.000	0.001	0.000	0.004	0.003	0.001	0.000	0.002	0.001	0.000	0.000
687.00	-0.000	0.001	0.000	0.004	0.003	0.001	0.000	0.002	0.001	0.000	0.000
688.00	-0.000	0.001	0.000	0.003	0.003	0.001	0.001	0.002	0.001	0.000	0.000
689.00	-0.000	0.001	0.000	0.003	0.003	0.001	0.001	0.002	0.001	0.000	0.000
690.00	-0.000	0.001	0.000	0.003	0.003	0.001	0.001	0.002	0.001	0.000	0.000
691.00	-0.000	0.001	0.000	0.003	0.003	0.001	0.001	0.002	0.001	0.000	0.000
692.00	-0.000	0.001	0.000	0.003	0.003	0.001	0.001	0.002	0.001	0.000	0.000
693.00	-0.000	0.001	0.000	0.003	0.003	0.001	0.000	0.001	0.000	0.000	0.000
694.00	-0.000	0.001	0.000	0.003	0.003	0.001	0.001	0.002	0.001	0.000	0.000
695.00	-0.000	0.001	0.000	0.003	0.003	0.001	0.001	0.002	0.001	0.000	0.000
696.00	-0.000	0.001	0.000	0.003	0.003	0.001	0.001	0.002	0.001	0.000	0.000
697.00	-0.000	0.001	0.000	0.003	0.003	0.001	0.001	0.002	0.000	0.000	0.000
698.00	-0.000	0.001	0.000	0.003	0.003	0.001	0.001	0.002	0.000	0.000	0.000
699.00	-0.000	0.001	0.000	0.003	0.003	0.001	0.001	0.002	0.000	0.000	0.000
700.00	-0.000	0.001	0.000	0.003	0.003	0.001	0.001	0.002	0.001	0.000	0.000
701.00	-0.000	0.001	0.000	0.003	0.003	0.001	0.001	0.002	0.001	0.000	0.000
702.00	-0.000	0.001	0.000	0.003	0.003	0.001	0.001	0.002	0.001	0.000	0.000
703.00	-0.000	0.001	0.000	0.003	0.003	0.001	0.000	0.001	0.000	0.000	0.000
704.00	-0.000	0.001	0.000	0.003	0.003	0.001	0.000	0.001	0.000	0.000	0.000
705.00	-0.000	0.001	0.000	0.003	0.003	0.001	0.000	0.001	0.000	0.000	0.000
706.00	-0.000	0.001	0.000	0.003	0.003	0.001	0.001	0.001	0.000	0.000	0.000
707.00	-0.000	0.001	0.000	0.003	0.003	0.001	0.001	0.001	0.000	0.000	0.000
708.00	-0.000	0.001	0.000	0.003	0.003	0.001	0.001	0.001	0.000	0.000	0.000
709.00	-0.000	0.001	0.000	0.003	0.003	0.001	0.000	0.001	0.000	0.000	0.000
710.00	-0.000	0.001	0.000	0.003	0.003	0.001	0.000	0.001	0.000	0.000	0.000
711.00	-0.000	0.001	0.000	0.003	0.003	0.001	0.000	0.001	0.000	0.000	0.000
712.00	-0.000	0.001	0.000	0.003	0.003	0.001	0.001	0.001	0.000	0.000	0.000
713.00	-0.000	0.001	0.000	0.003	0.003	0.001	0.001	0.002	0.001	0.000	0.000
714.00	-0.000	0.001	0.000	0.003	0.003	0.001	0.000	0.001	0.000	0.000	0.000
715.00	-0.000	0.001	0.000	0.003	0.003	0.001	0.000	0.001	0.000	0.000	0.000
716.00	-0.000	0.001	0.000	0.003	0.003	0.001	0.000	0.001	0.000	0.000	0.000
717.00	-0.000	0.001	0.000	0.003	0.003	0.001	0.000	0.001	0.000	0.000	0.000
718.00	-0.000	0.001	0.000	0.003	0.002	0.001	0.000	0.001	0.000	0.000	0.000
719.00	-0.000	0.001	0.000	0.003	0.003	0.001	0.000	0.001	0.000	0.000	0.000
720.00	-0.000	0.001	0.000	0.003	0.002	0.001	0.000	0.001	0.000	0.000	0.000
721.00	-0.000	0.001	0.000	0.003	0.002	0.001	0.000	0.001	0.000	0.000	0.000
722.00	-0.000	0.001	0.000	0.003	0.002	0.001	0.000	0.001	0.000	0.000	0.000
723.00	-0.000	0.001	0.000	0.003	0.003	0.001	0.001	0.001	0.000	0.000	0.000
724.00	-0.000	0.001	0.000	0.003	0.003	0.001	0.001	0.001	0.000	0.000	0.000
725.00	-0.000	0.001	0.000	0.003	0.002	0.001	0.001	0.001	0.000	0.000	0.000
726.00	-0.000	0.001	0.000	0.003	0.003	0.001	0.001	0.001	0.000	0.000	0.000
727.00	-0.000	0.001	0.000	0.003	0.003	0.001	0.001	0.001	0.000	0.000	0.000
728.00	-0.000	0.001	0.000	0.003	0.003	0.001	0.001	0.001	0.000	0.000	0.000
729.00	-0.000	0.001	0.000	0.003	0.003	0.001	0.000	0.001	0.000	0.000	0.000
730.00	-0.000	0.001	0.000	0.003	0.002	0.001	0.000	0.001	0.000	0.000	0.000
731.00	-0.000	0.001	0.000	0.003	0.002	0.001	0.000	0.001	0.000	0.000	0.000
732.00	-0.000	0.001	0.000	0.003	0.002	0.001	0.000	0.001	0.000	0.000	0.000
733.00	-0.000	0.001	0.000	0.003	0.002	0.001	0.000	0.001	0.000	0.000	0.000
734.00	-0.000	0.001	0.000	0.003	0.002	0.001	0.000	0.001	0.000	0.000	0.000
735.00	-0.000	0.001	0.000	0.003	0.002	0.001	0.000	0.001	0.000	0.000	0.000
736.00	-0.000	0.001	0.000	0.003	0.002	0.001	0.000	0.001	0.000	0.000	0.000
737.00	-0.000	0.001	0.000	0.003	0.002	0.001	0.000	0.001	0.000	0.000	0.000
738.00	-0.000	0.001	0.000	0.003	0.002	0.001	0.000	0.001	0.000	0.000	0.000
739.00	-0.000	0.001	0.000	0.003	0.002	0.001	0.000	0.001	0.000	0.000	0.000
740.00	-0.000	0.001	-0.000	0.003	0.002	0.001	0.000	0.001	0.000	0.000	0.000
741.00	-0.000	0.001	0.000	0.003	0.002	0.001	0.000	0.001	0.000	0.000	0.000
742.00	-0.000	0.001	0.000	0.003	0.002	0.001	0.000	0.001	0.000	0.000	0.000
743.00	-0.000	0.001	0.000	0.003	0.002	0.001	0.000	0.001	0.000	0.000	0.000
744.00	-0.000	0.001	0.000	0.003	0.002	0.001	0.000	0.001	0.000	0.000	0.000
745.00	-0.000	0.001	0.000	0.003	0.002	0.001	0.000	0.001	0.000	0.000	0.000
746.00	-0.000	0.001	0.000	0.003	0.002	0.001	0.000	0.001	0.000	0.000	0.000
747.00	-0.000	0.001	0.000	0.003	0.002	0.001	0.000	0.001	0.000	0.000	0.000
748.00	-0.000	0.001	0.000	0.003	0.002	0.001	0.000	0.001	0.000	0.000	0.000
749.00	-0.000	0.001	0.000	0.003	0.002	0.001	0.000	0.001	0.000	0.000	0.000
750.00	-0.000	0.001	0.000	0.003	0.002	0.001	0.000	0.001	0.000	0.000	0.000
751.00	-0.000	0.001	0.000	0.003	0.002	0.001	0.000	0.001	0.000	0.000	0.000
752.00	-0.000	0.001	0.000	0.003	0.003	0.001	0.000	0.001	0.000	0.000	0.000
753.00	-0.000	0.001	0.000	0.003	0.003	0.001	0.001	0.001	0.000	0.000	0.000
754.00	-0.000	0.001	0.000	0.003	0.002	0.001	0.001	0.001	0.000	0.000	0.000
755.00	-0.000	0.001	0.000	0.003	0.002	0.001	0.000	0.001	0.000	0.000	0.000
756.00	-0.000	0.001	0.000	0.003	0.002	0.001	0.000	0.001	0.000	0.000	0.000
757.00	-0.000	0.001	0.000	0.003	0.002	0.001	0.000	0.001	0.000	0.000	0.000
758.00	-0.000	0.001	0.000	0.003	0.002	0.001	0.000	0.001	0.000	0.000	0.000
759.00	0.000	0.001	0.000	0.003	0.003	0.001	0.001	0.002	0.000	0.000	0.000
760.00	0.001	0.002	0.001	0.004	0.004	0.002	0.002	0.003	0.001	0.001	0.001
761.00	0.000	0.001	0.000	0.003	0.003	0.001	0.001	0.002	0.000	0.001	0.000
762.00	-0.000	0.001	0.000	0.003	0.002	0.001	0.000	0.001	0.000	0.000	0.000
763.00	-0.000	0.001	0.000	0.003	0.002	0.001	0.001	0.001	0.000	0.000	0.000
764.00	-0.000	0.001	0.000	0.003	0.002	0.001	0.001	0.001	0.000	0.000	0.000
765.00	-0.000	0.001	0.000	0.003	0.002	0.001	0.000	0.001	0.000	0.000	0.000
766.00	-0.000	0.001	0.000	0.003	0.002	0.001	0.000	0.001	0.000	0.000	0.000
767.00	-0.000	0.001	0.000	0.003	0.002	0.001	0.000	0.001	0.000	0.000	0.000
768.00	-0.000	0.001	0.000	0.003	0.002	0.001	0.001	0.001	0.000	0.000	0.000
769.00	-0.000	0.001	0.000	0.003	0.002	0.001	0.000	0.001	0.000	0.000	0.000
770.00	-0.000	0.001	0.000	0.003	0.002	0.001	0.000	0.001	0.000	0.000	0.000
771.00	-0.000	0.001	0.000	0.003	0.002	0.001	0.000	0.001	0.000	0.000	0.000
772.00	-0.000	0.001	0.000	0.003	0.002	0.001	0.000	0.001	0.000	0.000	0.000
773.00	-0.000	0.001	0.000	0.003	0.002	0.001	0.000	0.001	0.000	0.000	0.000
774.00	-0.000	0.001	0.000	0.003	0.002	0.001	0.000	0.001	0.000	0.000	0.000
775.00	-0.000	0.001	0.000	0.003	0.002	0.001	0.000	0.001	0.000	0.000	0.000
776.00	-0.000	0.001	0.000	0.003	0.002	0.001	0.000	0.001	0.000	0.000	0.000
777.00	-0.000	0.001	0.000	0.003	0.002	0.001	0.000	0.001	0.000	0.000	0.000
778.00	-0.000	0.001	0.000	0.003	0.002	0.001	0.000	0.001	0.000	0.000	0.000
779.00	-0.000	0.001	0.000	0.003	0.002	0.001	0.000	0.001	0.000	0.000	0.000
780.00	-0.000	0.001	0.000	0.003	0.002	0.001	0.000	0.001	0.000	0.000	0.000
781.00	-0.000	0.001	0.000	0.003	0.002	0.001	0.000	0.001	0.000	0.000	0.000
782.00	-0.000	0.001	0.000	0.003	0.002	0.001	0.000	0.001	0.000	0.000	0.000
783.00	-0.000	0.001	0.000	0.003	0.002	0.001	0.000	0.001	0.000	0.000	0.000
784.00	-0.000	0.001	0.000	0.003	0.002	0.001	0.000	0.001	0.000	0.000	0.000
785.00	-0.000	0.001	0.000	0.003	0.002	0.001	0.000	0.001	0.000	0.000	0.000
786.00	-0.000	0.001	0.000	0.003	0.002	0.001	0.000	0.001	0.000	0.000	0.000
787.00	-0.000	0.001	0.000	0.003	0.002	0.001	0.000	0.001	0.000	0.000	0.000
788.00	-0.000	0.001	0.000	0.003	0.002	0.001	0.000	0.001	0.000	0.000	0.000
789.00	-0.000	0.001	0.000	0.003	0.002	0.001	0.001	0.001	0.000	0.000	0.000
790.00	-0.000	0.001	0.000	0.003	0.002	0.001	0.001	0.001	0.000	0.000	0.000
791.00	-0.000	0.001	0.000	0.003	0.002	0.001	0.001	0.001	0.000	0.000	0.000
792.00	-0.000	0.001	0.000	0.003	0.002	0.001	0.001	0.001	0.000	0.000	0.000
793.00	-0.000	0.001	0.000	0.003	0.002	0.001	0.001	0.001	0.000	0.000	0.000
794.00	-0.000	0.001	0.000	0.003	0.002	0.001	0.000	0.001	0.000	0.000	0.000
795.00	-0.000	0.001	0.000	0.003	0.002	0.001	0.000	0.001	0.000	0.000	0.000
796.00	0.000	0.001	0.000	0.003	0.002	0.001	0.001	0.001	0.000	0.000	0.000
797.00	-0.000	0.001	0.000	0.003	0.002	0.001	0.000	0.001	0.000	0.000	0.000
798.00	-0.000	0.001	0.000	0.003	0.002	0.001	0.001	0.001	0.000	0.000	0.000
799.00	0.000	0.001	0.000	0.003	0.002	0.001	0.001	0.001	0.000	0.000	0.000
800.00	-0.000	0.001	0.000	0.003	0.002	0.001	0.001	0.001	0.000	0.000	0.000
801.00	-0.000	0.001	0.000	0.003	0.002	0.001	0.001	0.001	0.000	0.000	0.000
802.00	-0.000	0.001	0.000	0.003	0.002	0.001	0.001	0.001	0.000	0.000	0.000
803.00	-0.000	0.001	0.000	0.003	0.002	0.001	0.001	0.001	0.000	0.000	0.000
804.00	-0.000	0.001	0.000	0.003	0.002	0.001	0.001	0.001	0.000	0.000	0.000
805.00	-0.000	0.001	0.000	0.003	0.002	0.001	0.000	0.001	0.000	0.000	0.000
806.00	-0.000	0.001	0.000	0.003	0.002	0.001	0.000	0.001	0.000	0.000	0.000
807.00	-0.000	0.001	0.000	0.003	0.002	0.001	0.001	0.001	0.000	0.000	0.000
808.00	-0.000	0.001	0.000	0.003	0.002	0.001	0.001	0.001	0.000	0.000	0.000
809.00	-0.000	0.001	0.000	0.003	0.002	0.001	0.000	0.001	0.000	0.000	0.000
810.00	-0.000	0.001	0.000	0.003	0.002	0.001	0.001	0.001	0.000	0.000	0.000
811.00	-0.000	0.001	0.000	0.003	0.002	0.001	0.000	0.001	0.000	0.000	0.000
812.00	-0.000	0.001	0.000	0.003	0.002	0.001	0.000	0.001	0.000	0.000	0.000
813.00	-0.000	0.001	0.000	0.003	0.002	0.001	0.001	0.001	0.000	0.000	0.000
814.00	-0.000	0.001	0.000	0.003	0.002	0.001	0.001	0.001	0.000	0.000	0.000
815.00	-0.000	0.001	0.000	0.003	0.002	0.001	0.001	0.001	0.000	0.000	0.000
816.00	-0.000	0.001	0.000	0.003	0.002	0.001	0.001	0.001	0.000	0.000	0.000
817.00	-0.000	0.001	0.000	0.003	0.002	0.001	0.001	0.001	0.000	0.000	0.000
818.00	0.000	0.001	0.000	0.003	0.002	0.001	0.001	0.001	0.000	0.000	0.000
819.00	0.000	0.001	0.000	0.003	0.002	0.001	0.001	0.001	0.000	0.000	0.000
820.00	0.000	0.001	0.000	0.003	0.002	0.001	0.001	0.001	0.000	0.000	0.000
821.00	0.000	0.001	0.000	0.003	0.002	0.001	0.000	0.001	0.000	0.000	0.000
822.00	-0.000	0.001	0.000	0.003	0.002	0.001	0.000	0.001	0.000	0.000	0.000
823.00	-0.000	0.001	0.000	0.003	0.002	0.001	0.000	0.001	0.000	0.000	0.000
824.00	-0.000	0.001	0.000	0.003	0.002	0.001	0.001	0.001	0.000	0.000	0.000
825.00	-0.000	0.001	0.000	0.003	0.002	0.001	0.000	0.001	0.000	0.000	0.000
826.00	-0.000	0.001	0.000	0.003	0.002	0.001	0.000	0.001	0.000	0.000	0.000
827.00	-0.000	0.001	0.000	0.003	0.002	0.001	0.001	0.001	0.000	0.000	0.000
828.00	0.000	0.001	0.000	0.003	0.002	0.001	0.001	0.001	0.000	0.000	0.000
829.00	0.000	0.001	0.000	0.003	0.002	0.001	0.001	0.001	0.000	0.000	0.000
830.00	0.000	0.001	0.000	0.003	0.002	0.001	0.001	0.001	0.000	0.000	0.000
831.00	0.000	0.001	0.000	0.003	0.002	0.001	0.001	0.001	0.000	0.000	0.000
832.00	0.000	0.001	0.000	0.003	0.002	0.001	0.001	0.001	0.000	0.000	0.000
833.00	0.000	0.001	0.000	0.003	0.002	0.001	0.000	0.001	0.000	0.000	0.000
834.00	0.000	0.001	0.000	0.003	0.002	0.001	0.001	0.001	0.000	0.000	0.000
835.00	0.000	0.001	0.000	0.003	0.002	0.001	0.001	0.001	0.000	0.000	0.000
836.00	0.000	0.001	0.000	0.003	0.002	0.001	0.000	0.001	0.000	0.000	0.000
837.00	0.000	0.001	0.000	0.003	0.002	0.001	0.001	0.001	0.000	0.000	0.000
838.00	0.000	0.001	0.000	0.003	0.002	0.001	0.001	0.001	0.000	0.000	0.000
839.00	0.000	0.001	0.000	0.003	0.002	0.001	0.000	0.001	0.000	0.000	0.000
840.00	0.000	0.001	0.000	0.003	0.002	0.001	0.000	0.001	0.000	0.000	0.000
841.00	0.000	0.001	0.000	0.003	0.002	0.001	0.001	0.001	0.000	0.000	0.000
842.00	0.000	0.001	0.000	0.003	0.002	0.001	0.001	0.001	0.000	0.000	0.000
843.00	-0.000	0.001	0.000	0.003	0.002	0.001	0.001	0.001	0.000	0.000	0.000
844.00	0.000	0.001	0.000	0.003	0.002	0.001	0.001	0.001	0.000	0.000	0.000
845.00	0.000	0.001	0.000	0.003	0.002	0.001	0.001	0.001	0.000	0.000	0.000
846.00	-0.000	0.001	0.000	0.003	0.002	0.001	0.000	0.001	0.000	0.000	0.000
847.00	-0.000	0.001	0.000	0.003	0.002	0.001	0.000	0.001	0.000	0.000	0.000
848.00	0.000	0.001	0.000	0.003	0.002	0.001	0.001	0.001	0.001	0.000	0.000
849.00	0.000	0.001	0.000	0.003	0.002	0.001	0.001	0.001	0.001	0.000	0.000
850.00	0.000	0.001	0.000	0.003	0.002	0.001	0.001	0.001	0.001	0.000	0.000
