850.00	0.000	0.000	0.001	0.001	0.002	0.005	0.001	0.000	0.001	0.000	0.001
849.00	0.000	0.000	0.001	0.001	0.002	0.005	0.001	0.000	0.001	0.000	0.001
848.00	0.000	0.000	0.001	0.001	0.002	0.005	0.001	0.000	0.001	0.000	0.001
847.00	0.000	0.000	0.001	0.001	0.002	0.005	0.001	0.000	0.001	0.000	0.001
846.00	0.000	0.000	0.001	0.001	0.002	0.005	0.001	0.000	0.001	0.000	0.001
845.00	0.000	0.000	0.001	0.001	0.002	0.005	0.001	0.000	0.001	0.000	0.001
844.00	0.000	0.000	0.001	0.001	0.002	0.005	0.001	0.000	0.001	0.000	0.001
843.00	0.000	0.000	0.001	0.001	0.002	0.005	0.001	0.000	0.001	0.000	0.001
842.00	0.000	0.000	0.001	0.001	0.002	0.005	0.001	0.000	0.001	0.000	0.001
841.00	0.000	0.000	0.001	0.001	0.001	0.005	0.001	0.000	0.001	0.000	0.001
840.00	0.000	0.000	0.001	0.001	0.002	0.005	0.001	0.000	0.001	0.000	0.001
839.00	0.000	0.000	0.001	0.001	0.002	0.005	0.001	0.000	0.001	0.000	0.001
838.00	0.000	0.000	0.001	0.001	0.002	0.005	0.001	0.000	0.001	0.000	0.001
837.00	0.000	0.000	0.001	0.001	0.002	0.005	0.001	0.000	0.001	0.000	0.001
836.00	0.000	0.000	0.001	0.001	0.002	0.005	0.001	0.000	0.001	0.000	0.001
835.00	0.000	0.000	0.001	0.001	0.002	0.005	0.001	0.000	0.001	0.000	0.001
834.00	0.000	0.000	0.001	0.001	0.002	0.005	0.001	0.000	0.001	0.000	0.001
833.00	0.000	0.000	0.001	0.001	0.002	0.005	0.001	0.000	0.001	0.000	0.001
832.00	0.000	0.000	0.001	0.001	0.002	0.005	0.001	0.000	0.001	0.000	0.001
831.00	0.000	0.000	0.001	0.001	0.002	0.005	0.001	0.000	0.001	0.000	0.001
830.00	0.000	0.000	0.001	0.001	0.002	0.005	0.001	0.000	0.001	0.000	0.001
829.00	0.000	0.000	0.001	0.001	0.002	0.005	0.001	0.000	0.001	0.000	0.001
828.00	0.000	0.000	0.001	0.001	0.002	0.005	0.001	0.000	0.001	0.000	0.001
827.00	0.000	0.000	0.001	0.001	0.002	0.005	0.001	0.001	0.001	0.000	0.001
826.00	0.000	0.000	0.001	0.001	0.002	0.005	0.001	0.001	0.001	0.000	0.001
825.00	0.000	0.000	0.001	0.001	0.002	0.005	0.001	0.000	0.001	0.000	0.001
824.00	0.000	0.000	0.001	0.001	0.002	0.005	0.001	0.000	0.001	0.000	0.001
823.00	-0.000	0.000	0.001	0.001	0.002	0.005	0.001	0.001	0.001	0.000	0.001
822.00	-0.000	0.000	0.001	0.001	0.002	0.005	0.001	0.001	0.001	0.000	0.001
821.00	-0.000	0.000	0.001	0.001	0.002	0.005	0.001	0.000	0.001	0.000	0.001
820.00	-0.000	0.000	0.001	0.001	0.002	0.005	0.001	0.000	0.001	0.000	0.001
819.00	-0.000	0.000	0.001	0.001	0.002	0.005	0.001	0.000	0.001	0.000	0.001
818.00	-0.000	0.000	0.001	0.001	0.002	0.005	0.001	0.000	0.001	0.000	0.001
817.00	-0.000	0.001	0.001	0.001	0.002	0.005	0.001	0.001	0.001	0.000	0.001
816.00	-0.000	0.001	0.001	0.001	0.002	0.005	0.001	0.001	0.001	0.000	0.001
815.00	-0.000	0.001	0.001	0.001	0.002	0.005	0.001	0.001	0.001	0.000	0.001
814.00	-0.000	0.001	0.001	0.001	0.002	0.005	0.001	0.001	0.001	0.000	0.001
813.00	-0.000	0.000	0.001	0.001	0.002	0.005	0.001	0.000	0.001	0.000	0.001
812.00	-0.000	0.000	0.001	0.001	0.002	0.005	0.001	0.000	0.001	0.000	0.001
811.00	-0.000	0.001	0.001	0.001	0.002	0.005	0.001	0.001	0.001	0.000	0.001
810.00	-0.000	0.001	0.001	0.001	0.002	0.005	0.001	0.001	0.001	0.000	0.001
809.00	-0.000	0.000	0.001	0.001	0.002	0.005	0.001	0.000	0.001	0.000	0.001
808.00	-0.000	0.000	0.001	0.001	0.002	0.005	0.001	0.001	0.001	0.000	0.001
807.00	-0.000	0.000	0.001	0.001	0.002	0.005	0.001	0.001	0.001	0.000	0.001
806.00	-0.000	0.001	0.001	0.001	0.002	0.005	0.001	0.001	0.001	0.000	0.001
805.00	-0.000	0.001	0.001	0.001	0.002	0.005	0.001	0.000	0.001	0.000	0.001
804.00	-0.000	0.001	0.001	0.001	0.002	0.005	0.001	0.001	0.001	0.000	0.001
803.00	-0.000	0.001	0.001	0.001	0.002	0.005	0.001	0.001	0.001	0.000	0.001
802.00	-0.000	0.001	0.001	0.001	0.002	0.005	0.001	0.000	0.001	0.000	0.001
801.00	-0.000	0.001	0.001	0.001	0.002	0.005	0.001	0.000	0.001	0.000	0.001
800.00	-0.000	0.001	0.001	0.001	0.002	0.005	0.001	0.001	0.001	0.000	0.001
799.00	-0.000	0.001	0.001	0.001	0.002	0.005	0.001	0.001	0.001	0.000	0.001
798.00	-0.000	0.001	0.001	0.001	0.002	0.005	0.001	0.001	0.001	0.000	0.001
797.00	-0.000	0.000	0.001	0.001	0.002	0.005	0.001	0.001	0.001	0.000	0.001
796.00	-0.000	0.001	0.001	0.001	0.002	0.005	0.001	0.001	0.001	0.000	0.001
795.00	-0.000	0.001	0.001	0.001	0.002	0.005	0.001	0.000	0.001	0.000	0.001
794.00	-0.000	0.001	0.001	0.001	0.002	0.005	0.001	0.000	0.001	0.000	0.001
793.00	-0.000	0.000	0.001	0.001	0.002	0.005	0.001	0.001	0.001	0.000	0.001
792.00	-0.000	0.001	0.001	0.001	0.002	0.005	0.001	0.001	0.001	0.000	0.001
791.00	-0.000	0.001	0.001	0.001	0.002	0.005	0.001	0.001	0.001	0.000	0.001
790.00	-0.000	0.000	0.001	0.001	0.002	0.005	0.001	0.001	0.001	0.000	0.001
789.00	-0.000	0.001	0.001	0.001	0.002	0.005	0.001	0.001	0.001	0.000	0.001
788.00	-0.000	0.001	0.001	0.001	0.002	0.005	0.001	0.001	0.001	0.000	0.001
787.00	-0.000	0.001	0.001	0.001	0.002	0.005	0.001	0.000	0.001	0.000	0.001
786.00	-0.000	0.001	0.001	0.001	0.002	0.005	0.001	0.001	0.001	0.000	0.001
785.00	-0.000	0.001	0.001	0.001	0.002	0.005	0.001	0.001	0.001	0.000	0.001
784.00	-0.000	0.001	0.001	0.001	0.002	0.005	0.001	0.001	0.001	0.000	0.001
783.00	-0.000	0.001	0.001	0.001	0.002	0.005	0.001	0.001	0.001	0.000	0.001
782.00	-0.000	0.001	0.001	0.001	0.002	0.005	0.001	0.001	0.001	0.000	0.001
781.00	-0.000	0.000	0.001	0.001	0.002	0.005	0.001	0.001	0.001	0.000	0.001
780.00	-0.000	0.001	0.001	0.001	0.002	0.005	0.001	0.001	0.001	0.000	0.001
779.00	0.000	0.001	0.001	0.001	0.002	0.005	0.001	0.001	0.001	0.000	0.001
778.00	-0.000	0.000	0.001	0.001	0.002	0.005	0.001	0.001	0.001	0.000	0.001
777.00	-0.000	0.000	0.001	0.001	0.002	0.005	0.001	0.001	0.001	0.000	0.001
776.00	-0.000	0.001	0.001	0.001	0.002	0.005	0.001	0.001	0.001	0.000	0.001
775.00	-0.000	0.000	0.001	0.001	0.002	0.005	0.001	0.000	0.001	0.000	0.001
774.00	-0.000	0.000	0.001	0.001	0.002	0.005	0.001	0.001	0.001	0.000	0.001
773.00	-0.000	0.000	0.001	0.001	0.002	0.005	0.001	0.001	0.001	0.000	0.001
772.00	-0.000	0.000	0.001	0.001	0.002	0.005	0.001	0.001	0.001	0.000	0.001
771.00	-0.000	0.000	0.001	0.001	0.002	0.005	0.001	0.001	0.001	0.000	0.001
770.00	-0.000	0.000	0.001	0.001	0.002	0.005	0.001	0.000	0.001	0.000	0.001
769.00	-0.000	0.000	0.001	0.001	0.002	0.005	0.001	0.001	0.001	0.000	0.001
768.00	-0.000	0.000	0.001	0.001	0.002	0.005	0.001	0.001	0.001	0.000	0.001
767.00	-0.000	0.000	0.001	0.001	0.002	0.005	0.001	0.000	0.001	0.000	0.001
766.00	-0.000	0.000	0.001	0.001	0.002	0.005	0.001	0.000	0.001	0.000	0.001
765.00	-0.000	0.000	0.001	0.001	0.002	0.005	0.001	0.000	0.001	0.000	0.001
764.00	-0.000	0.000	0.001	0.001	0.002	0.005	0.001	0.001	0.001	0.000	0.001
763.00	-0.000	0.000	0.001	0.001	0.002	0.005	0.001	0.001	0.001	0.000	0.001
762.00	-0.000	0.000	0.001	0.001	0.002	0.005	0.001	0.000	0.001	0.000	0.001
761.00	0.000	0.001	0.001	0.001	0.002	0.006	0.002	0.001	0.001	0.000	0.001
760.00	0.001	0.001	0.002	0.002	0.003	0.007	0.002	0.001	0.002	0.001	0.002
759.00	0.000	0.001	0.001	0.001	0.002	0.006	0.002	0.001	0.001	0.001	0.001
758.00	0.000	0.000	0.001	0.001	0.002	0.006	0.001	0.001	0.001	0.000	0.001
757.00	0.000	0.000	0.001	0.001	0.002	0.006	0.001	0.000	0.001	0.000	0.001
756.00	-0.000	0.000	0.001	0.001	0.002	0.006	0.001	0.000	0.001	0.000	0.001
755.00	0.000	0.000	0.001	0.001	0.002	0.006	0.001	0.000	0.001	0.000	0.001
754.00	0.000	0.000	0.001	0.001	0.002	0.006	0.001	0.000	0.001	0.000	0.001
753.00	0.000	0.000	0.001	0.001	0.002	0.006	0.001	0.000	0.001	0.000	0.001
752.00	0.000	0.001	0.001	0.001	0.002	0.006	0.001	0.000	0.001	0.000	0.001
751.00	0.000	0.000	0.001	0.001	0.002	0.006	0.001	0.000	0.001	0.000	0.001
750.00	0.000	0.000	0.001	0.001	0.002	0.006	0.001	0.000	0.001	0.000	0.001
749.00	0.000	0.000	0.001	0.001	0.002	0.006	0.001	0.000	0.001	0.000	0.001
748.00	0.000	0.000	0.001	0.001	0.002	0.006	0.001	0.000	0.001	0.000	0.001
747.00	0.000	0.000	0.001	0.001	0.002	0.006	0.001	0.000	0.001	0.000	0.001
746.00	0.000	0.000	0.001	0.001	0.002	0.006	0.001	0.000	0.001	0.000	0.001
745.00	0.000	0.001	0.001	0.001	0.002	0.006	0.001	0.000	0.001	0.000	0.001
744.00	0.000	0.001	0.001	0.001	0.002	0.006	0.001	0.000	0.001	0.000	0.001
743.00	0.000	0.001	0.001	0.001	0.002	0.006	0.001	0.000	0.001	0.000	0.001
742.00	0.000	0.001	0.001	0.001	0.002	0.006	0.001	0.001	0.001	0.000	0.001
741.00	0.000	0.000	0.001	0.001	0.002	0.006	0.001	0.000	0.001	0.000	0.001
740.00	0.000	0.000	0.001	0.001	0.002	0.006	0.001	0.000	0.001	0.000	0.001
739.00	0.000	0.000	0.001	0.001	0.002	0.006	0.001	0.000	0.001	0.000	0.001
738.00	0.000	0.000	0.001	0.001	0.002	0.006	0.001	0.000	0.001	0.000	0.001
737.00	0.000	0.000	0.001	0.001	0.002	0.006	0.001	0.000	0.001	0.000	0.001
736.00	0.000	0.001	0.001	0.001	0.002	0.006	0.001	0.001	0.001	0.000	0.001
735.00	0.000	0.001	0.001	0.001	0.002	0.006	0.001	0.001	0.001	0.000	0.001
734.00	0.000	0.001	0.001	0.001	0.002	0.006	0.001	0.000	0.001	0.000	0.001
733.00	0.000	0.000	0.001	0.001	0.002	0.006	0.001	0.000	0.001	0.000	0.001
732.00	0.000	0.000	0.001	0.001	0.002	0.006	0.001	0.000	0.001	0.000	0.001
731.00	0.000	0.001	0.001	0.001	0.002	0.006	0.001	0.000	0.001	0.000	0.001
730.00	0.000	0.001	0.001	0.001	0.002	0.006	0.001	0.000	0.001	0.000	0.001
729.00	0.000	0.001	0.001	0.001	0.002	0.006	0.002	0.000	0.001	0.000	0.001
728.00	0.000	0.001	0.001	0.001	0.002	0.006	0.002	0.000	0.001	0.000	0.001
727.00	0.000	0.001	0.001	0.001	0.002	0.006	0.002	0.000	0.001	0.000	0.001
726.00	0.000	0.001	0.001	0.001	0.002	0.006	0.002	0.001	0.001	0.000	0.001
725.00	0.000	0.001	0.001	0.001	0.002	0.006	0.002	0.001	0.001	0.000	0.001
724.00	0.000	0.001	0.001	0.001	0.002	0.006	0.002	0.001	0.001	0.000	0.001
723.00	0.000	0.001	0.001	0.001	0.002	0.006	0.002	0.001	0.001	0.000	0.001
722.00	0.000	0.001	0.001	0.001	0.002	0.006	0.002	0.001	0.001	0.000	0.001
721.00	0.000	0.001	0.001	0.001	0.002	0.006	0.002	0.001	0.001	0.000	0.001
720.00	0.000	0.001	0.001	0.001	0.002	0.006	0.002	0.001	0.001	0.000	0.001
719.00	-0.000	0.001	0.001	0.001	0.002	0.006	0.002	0.001	0.001	0.000	0.001
718.00	0.000	0.001	0.001	0.001	0.002	0.006	0.002	0.001	0.001	0.000	0.001
717.00	-0.000	0.001	0.001	0.001	0.002	0.006	0.002	0.001	0.001	0.000	0.001
716.00	-0.000	0.001	0.001	0.001	0.002	0.006	0.002	0.001	0.001	0.000	0.001
715.00	-0.000	0.001	0.001	0.001	0.002	0.006	0.002	0.001	0.001	0.000	0.001
714.00	0.000	0.001	0.001	0.001	0.002	0.006	0.002	0.001	0.001	0.000	0.001
713.00	-0.000	0.001	0.001	0.001	0.002	0.006	0.002	0.001	0.001	0.000	0.001
712.00	-0.000	0.001	0.001	0.001	0.002	0.006	0.002	0.001	0.001	0.000	0.001
711.00	0.000	0.001	0.001	0.001	0.002	0.006	0.002	0.001	0.001	0.000	0.001
710.00	-0.000	0.001	0.001	0.001	0.002	0.006	0.002	0.001	0.001	0.000	0.001
709.00	-0.000	0.001	0.001	0.001	0.002	0.006	0.002	0.001	0.001	0.000	0.001
708.00	-0.000	0.001	0.001	0.001	0.002	0.006	0.002	0.001	0.001	0.000	0.001
707.00	-0.000	0.001	0.001	0.001	0.002	0.006	0.002	0.001	0.001	0.000	0.001
706.00	-0.000	0.001	0.001	0.001	0.002	0.006	0.002	0.001	0.001	0.000	0.001
705.00	-0.000	0.001	0.001	0.001	0.002	0.006	0.002	0.001	0.001	0.000	0.001
704.00	-0.000	0.001	0.001	0.001	0.002	0.006	0.002	0.001	0.001	0.000	0.001
703.00	-0.000	0.001	0.001	0.001	0.002	0.006	0.002	0.001	0.001	0.000	0.002
702.00	-0.000	0.001	0.001	0.001	0.002	0.006	0.002	0.001	0.001	0.000	0.002
701.00	-0.000	0.001	0.001	0.001	0.002	0.006	0.002	0.001	0.001	0.000	0.001
700.00	-0.000	0.001	0.001	0.001	0.002	0.006	0.002	0.001	0.001	0.000	0.001
699.00	-0.000	0.001	0.001	0.001	0.002	0.006	0.002	0.001	0.001	0.000	0.001
698.00	-0.000	0.001	0.001	0.001	0.002	0.006	0.002	0.001	0.001	0.000	0.001
697.00	-0.000	0.001	0.001	0.001	0.002	0.006	0.002	0.001	0.001	0.000	0.001
696.00	-0.000	0.001	0.001	0.001	0.002	0.006	0.002	0.001	0.001	0.000	0.001
695.00	-0.000	0.001	0.001	0.001	0.002	0.006	0.002	0.001	0.001	0.000	0.002
694.00	-0.000	0.001	0.001	0.001	0.002	0.006	0.002	0.001	0.001	0.000	0.002
693.00	-0.000	0.001	0.001	0.001	0.002	0.006	0.002	0.001	0.001	0.000	0.002
692.00	-0.000	0.001	0.001	0.001	0.002	0.006	0.002	0.001	0.001	0.000	0.002
691.00	-0.000	0.001	0.001	0.001	0.002	0.006	0.002	0.001	0.001	0.000	0.001
690.00	-0.000	0.001	0.001	0.001	0.002	0.006	0.002	0.001	0.001	0.000	0.001
689.00	-0.000	0.001	0.001	0.001	0.002	0.006	0.002	0.001	0.001	0.000	0.001
688.00	-0.000	0.001	0.001	0.001	0.002	0.006	0.002	0.001	0.001	0.000	0.001
687.00	-0.000	0.001	0.001	0.001	0.002	0.006	0.002	0.001	0.001	0.000	0.002
686.00	-0.000	0.001	0.001	0.001	0.002	0.006	0.002	0.001	0.001	0.000	0.002
685.00	-0.000	0.001	0.001	0.001	0.002	0.006	0.002	0.001	0.001	0.000	0.002
684.00	-0.000	0.001	0.001	0.001	0.002	0.006	0.002	0.001	0.001	0.000	0.002
683.00	-0.000	0.001	0.001	0.001	0.002	0.006	0.002	0.001	0.001	0.000	0.002
682.00	-0.000	0.001	0.001	0.001	0.002	0.006	0.002	0.001	0.001	0.000	0.002
681.00	-0.000	0.001	0.001	0.001	0.002	0.006	0.002	0.001	0.001	0.000	0.002
680.00	-0.000	0.001	0.001	0.001	0.002	0.006	0.002	0.001	0.001	0.000	0.001
679.00	-0.000	0.001	0.001	0.001	0.002	0.006	0.002	0.001	0.001	0.000	0.002
678.00	-0.000	0.001	0.001	0.001	0.002	0.006	0.002	0.001	0.001	0.000	0.002
677.00	-0.000	0.001	0.001	0.001	0.002	0.006	0.002	0.001	0.001	0.000	0.002
676.00	-0.000	0.001	0.001	0.001	0.002	0.006	0.002	0.001	0.001	0.000	0.002
675.00	-0.000	0.001	0.001	0.001	0.002	0.006	0.002	0.001	0.001	0.000	0.002
674.00	-0.000	0.001	0.001	0.001	0.002	0.006	0.002	0.001	0.001	0.000	0.002
673.00	-0.000	0.001	0.001	0.001	0.002	0.006	0.002	0.001	0.001	0.000	0.002
672.00	-0.000	0.001	0.001	0.001	0.002	0.006	0.002	0.001	0.001	0.000	0.002
671.00	-0.000	0.001	0.001	0.001	0.002	0.006	0.002	0.001	0.001	0.000	0.002
670.00	-0.000	0.001	0.001	0.001	0.002	0.006	0.002	0.001	0.001	0.000	0.002
669.00	-0.000	0.001	0.001	0.001	0.002	0.006	0.002	0.001	0.001	0.000	0.002
668.00	-0.000	0.001	0.001	0.001	0.002	0.006	0.002	0.001	0.001	0.000	0.002
667.00	-0.000	0.001	0.001	0.001	0.002	0.006	0.002	0.001	0.001	0.000	0.002
666.00	-0.000	0.001	0.001	0.001	0.002	0.006	0.002	0.001	0.001	0.000	0.002
665.00	-0.000	0.001	0.001	0.001	0.002	0.006	0.002	0.001	0.001	0.000	0.002
664.00	-0.000	0.001	0.001	0.001	0.002	0.006	0.002	0.001	0.001	0.000	0.002
663.00	-0.000	0.001	0.001	0.001	0.002	0.006	0.002	0.001	0.001	0.000	0.002
662.00	-0.000	0.001	0.001	0.001	0.002	0.006	0.002	0.001	0.001	0.000	0.002
661.00	-0.000	0.001	0.001	0.001	0.002	0.006	0.002	0.001	0.001	0.000	0.002
660.00	-0.000	0.001	0.001	0.001	0.002	0.006	0.002	0.001	0.001	0.000	0.002
659.00	-0.000	0.001	0.001	0.001	0.002	0.006	0.002	0.001	0.001	0.000	0.002
658.00	-0.000	0.001	0.001	0.001	0.002	0.006	0.002	0.001	0.001	0.000	0.002
657.00	-0.000	0.001	0.001	0.001	0.002	0.006	0.002	0.001	0.001	0.000	0.002
656.00	-0.000	0.001	0.001	0.001	0.002	0.006	0.002	0.001	0.001	0.000	0.002
655.00	-0.000	0.001	0.001	0.001	0.002	0.006	0.002	0.001	0.001	0.000	0.002
654.00	-0.000	0.001	0.001	0.001	0.002	0.006	0.002	0.001	0.001	0.000	0.002
653.00	-0.000	0.001	0.001	0.001	0.002	0.006	0.002	0.001	0.001	0.000	0.002
652.00	-0.000	0.001	0.001	0.001	0.002	0.006	0.002	0.001	0.001	0.000	0.002
651.00	-0.000	0.001	0.001	0.001	0.002	0.006	0.002	0.001	0.001	0.000	0.002
650.00	-0.000	0.001	0.001	0.001	0.002	0.006	0.002	0.001	0.001	0.000	0.002
649.00	-0.000	0.001	0.001	0.001	0.002	0.006	0.002	0.001	0.001	0.000	0.002
648.00	-0.000	0.001	0.001	0.001	0.002	0.006	0.002	0.001	0.001	0.000	0.002
647.00	-0.000	0.001	0.001	0.001	0.002	0.006	0.002	0.001	0.001	0.000	0.002
646.00	-0.000	0.001	0.001	0.001	0.002	0.006	0.002	0.001	0.001	0.000	0.002
645.00	-0.000	0.001	0.001	0.001	0.002	0.006	0.002	0.001	0.001	0.000	0.002
644.00	-0.000	0.001	0.001	0.001	0.002	0.006	0.002	0.001	0.001	0.000	0.002
643.00	-0.000	0.001	0.001	0.001	0.002	0.006	0.002	0.001	0.001	0.000	0.002
642.00	-0.000	0.001	0.001	0.001	0.002	0.006	0.002	0.001	0.001	0.000	0.002
641.00	-0.000	0.001	0.001	0.001	0.002	0.006	0.002	0.000	0.001	0.000	0.001
640.00	-0.001	0.000	0.001	0.001	0.002	0.006	0.002	0.000	0.001	0.000	0.001
639.00	-0.000	0.001	0.001	0.001	0.002	0.006	0.002	0.001	0.001	0.000	0.001
638.00	-0.000	0.001	0.001	0.001	0.002	0.006	0.002	0.001	0.001	0.000	0.002
637.00	-0.000	0.001	0.001	0.001	0.002	0.006	0.002	0.000	0.001	0.000	0.002
636.00	-0.000	0.001	0.001	0.001	0.002	0.006	0.002	0.001	0.001	0.000	0.002
635.00	-0.000	0.001	0.001	0.001	0.002	0.006	0.002	0.001	0.001	0.000	0.002
634.00	-0.000	0.001	0.001	0.001	0.002	0.006	0.002	0.001	0.001	0.000	0.002
633.00	-0.000	0.001	0.001	0.001	0.002	0.006	0.002	0.001	0.001	0.000	0.002
632.00	-0.000	0.001	0.001	0.001	0.002	0.006	0.002	0.001	0.001	0.000	0.002
631.00	-0.000	0.001	0.001	0.001	0.002	0.006	0.002	0.001	0.001	0.000	0.002
630.00	-0.000	0.001	0.001	0.001	0.002	0.006	0.002	0.001	0.001	0.000	0.002
629.00	-0.000	0.001	0.001	0.001	0.002	0.007	0.002	0.001	0.001	0.000	0.002
628.00	-0.000	0.001	0.001	0.001	0.002	0.007	0.002	0.001	0.001	0.000	0.002
627.00	-0.000	0.001	0.001	0.001	0.002	0.007	0.002	0.001	0.001	0.000	0.002
626.00	-0.000	0.001	0.001	0.001	0.002	0.007	0.002	0.001	0.001	0.000	0.002
625.00	-0.000	0.001	0.001	0.001	0.002	0.007	0.002	0.001	0.001	0.000	0.002
624.00	-0.000	0.001	0.001	0.001	0.002	0.007	0.002	0.001	0.001	0.000	0.002
623.00	-0.000	0.001	0.001	0.001	0.002	0.007	0.002	0.001	0.001	0.000	0.002
622.00	-0.000	0.001	0.001	0.001	0.002	0.007	0.002	0.001	0.001	0.000	0.002
621.00	-0.000	0.001	0.001	0.001	0.002	0.007	0.002	0.001	0.001	0.000	0.002
620.00	-0.000	0.001	0.001	0.001	0.002	0.007	0.002	0.001	0.001	0.000	0.002
619.00	-0.000	0.001	0.001	0.001	0.002	0.007	0.002	0.000	0.001	0.000	0.002
618.00	-0.000	0.001	0.001	0.001	0.002	0.007	0.002	0.001	0.001	0.000	0.002
617.00	-0.000	0.001	0.001	0.001	0.002	0.007	0.002	0.001	0.001	0.000	0.002
616.00	-0.000	0.001	0.001	0.001	0.002	0.007	0.002	0.000	0.001	0.000	0.002
615.00	-0.000	0.001	0.001	0.001	0.002	0.007	0.002	0.000	0.001	0.000	0.002
614.00	-0.001	0.000	0.001	0.001	0.002	0.007	0.002	0.000	0.001	0.000	0.002
613.00	-0.000	0.001	0.001	0.001	0.002	0.007	0.002	0.000	0.001	0.000	0.002
612.00	-0.000	0.001	0.001	0.001	0.002	0.007	0.002	0.000	0.001	0.000	0.002
611.00	-0.000	0.001	0.001	0.001	0.002	0.007	0.002	0.001	0.001	0.000	0.002
610.00	-0.000	0.001	0.001	0.001	0.002	0.007	0.002	0.001	0.001	0.000	0.002
609.00	-0.000	0.001	0.001	0.001	0.002	0.007	0.002	0.001	0.001	0.000	0.002
608.00	-0.000	0.000	0.001	0.001	0.002	0.007	0.002	0.000	0.001	0.000	0.002
607.00	-0.000	0.001	0.001	0.001	0.002	0.007	0.002	0.000	0.001	0.000	0.002
606.00	-0.000	0.000	0.001	0.001	0.002	0.007	0.002	0.000	0.001	0.000	0.002
605.00	-0.000	0.000	0.001	0.001	0.002	0.007	0.002	0.000	0.001	0.000	0.002
604.00	-0.000	0.001	0.001	0.001	0.002	0.007	0.002	0.000	0.001	0.000	0.002
603.00	-0.000	0.001	0.001	0.001	0.002	0.007	0.002	0.000	0.001	0.000	0.002
602.00	-0.000	0.001	0.001	0.001	0.002	0.007	0.002	0.000	0.001	0.000	0.002
601.00	-0.000	0.000	0.001	0.001	0.002	0.007	0.002	0.000	0.001	0.000	0.002
600.00	-0.000	0.000	0.001	0.001	0.002	0.007	0.002	0.000	0.001	0.000	0.002
599.00	-0.000	0.001	0.001	0.001	0.002	0.007	0.002	0.000	0.001	0.000	0.002
598.00	-0.000	0.001	0.001	0.001	0.002	0.007	0.002	0.000	0.001	0.000	0.002
597.00	-0.000	0.001	0.001	0.001	0.002	0.007	0.002	0.000	0.001	0.000	0.002
596.00	-0.000	0.001	0.001	0.001	0.002	0.007	0.002	0.000	0.001	0.000	0.002
595.00	-0.000	0.001	0.001	0.001	0.002	0.007	0.002	0.000	0.001	0.000	0.002
594.00	-0.000	0.001	0.001	0.001	0.002	0.007	0.002	0.000	0.001	0.000	0.002
593.00	-0.000	0.001	0.001	0.001	0.002	0.007	0.002	0.000	0.001	0.000	0.002
592.00	-0.000	0.000	0.001	0.001	0.002	0.007	0.002	0.000	0.001	0.000	0.002
591.00	-0.000	0.001	0.001	0.001	0.002	0.007	0.002	0.000	0.001	0.000	0.002
590.00	-0.000	0.001	0.001	0.001	0.002	0.007	0.002	0.000	0.001	0.000	0.002
589.00	-0.000	0.001	0.001	0.001	0.002	0.007	0.002	0.001	0.001	0.000	0.002
588.00	-0.000	0.001	0.001	0.001	0.002	0.007	0.002	0.001	0.001	0.000	0.002
587.00	-0.000	0.001	0.001	0.001	0.002	0.007	0.002	0.001	0.001	0.000	0.002
586.00	-0.000	0.001	0.001	0.001	0.002	0.007	0.002	0.001	0.001	0.000	0.002
585.00	-0.000	0.001	0.001	0.001	0.002	0.007	0.002	0.000	0.001	0.000	0.002
584.00	-0.000	0.001	0.001	0.001	0.002	0.007	0.002	0.000	0.001	0.000	0.002
583.00	-0.000	0.001	0.001	0.001	0.002	0.007	0.002	0.000	0.001	0.000	0.002
582.00	-0.000	0.001	0.001	0.001	0.002	0.007	0.002	0.001	0.001	0.001	0.002
581.00	-0.000	0.001	0.001	0.001	0.002	0.007	0.002	0.000	0.001	0.001	0.002
580.00	-0.000	0.001	0.001	0.001	0.002	0.007	0.002	0.001	0.001	0.001	0.002
579.00	-0.000	0.001	0.001	0.001	0.002	0.007	0.002	0.001	0.001	0.001	0.002
578.00	-0.000	0.001	0.001	0.001	0.002	0.007	0.002	0.000	0.001	0.000	0.002
577.00	-0.000	0.001	0.001	0.001	0.002	0.007	0.002	0.000	0.001	0.001	0.002
576.00	-0.000	0.001	0.001	0.001	0.002	0.007	0.002	0.001	0.001	0.000	0.002
575.00	-0.000	0.001	0.001	0.001	0.002	0.007	0.002	0.001	0.001	0.000	0.002
574.00	-0.000	0.001	0.001	0.001	0.002	0.007	0.002	0.000	0.001	0.000	0.002
573.00	-0.000	0.001	0.001	0.001	0.002	0.007	0.002	0.001	0.001	0.000	0.002
572.00	-0.000	0.001	0.001	0.001	0.002	0.007	0.002	0.001	0.001	0.000	0.002
571.00	-0.000	0.001	0.001	0.001	0.002	0.007	0.002	0.001	0.001	0.000	0.002
570.00	-0.000	0.001	0.001	0.001	0.002	0.007	0.002	0.001	0.001	0.000	0.002
569.00	-0.000	0.001	0.001	0.001	0.002	0.007	0.002	0.001	0.001	0.001	0.002
568.00	-0.000	0.001	0.001	0.001	0.002	0.007	0.002	0.001	0.001	0.001	0.002
567.00	-0.000	0.001	0.001	0.001	0.002	0.007	0.002	0.001	0.001	0.001	0.002
566.00	-0.000	0.001	0.001	0.001	0.002	0.007	0.002	0.001	0.002	0.001	0.002
565.00	-0.000	0.001	0.001	0.001	0.002	0.007	0.002	0.001	0.001	0.001	0.002
564.00	-0.000	0.001	0.001	0.001	0.002	0.007	0.002	0.001	0.001	0.001	0.002
563.00	-0.000	0.001	0.001	0.001	0.002	0.007	0.002	0.001	0.001	0.001	0.002
562.00	-0.000	0.001	0.001	0.001	0.002	0.007	0.002	0.001	0.001	0.001	0.002
561.00	-0.000	0.001	0.001	0.001	0.002	0.007	0.002	0.001	0.001	0.001	0.002
560.00	-0.000	0.001	0.001	0.001	0.002	0.007	0.002	0.001	0.002	0.001	0.002
559.00	-0.000	0.001	0.001	0.001	0.002	0.007	0.002	0.001	0.001	0.001	0.002
558.00	-0.000	0.001	0.001	0.001	0.002	0.007	0.002	0.001	0.001	0.001	0.002
557.00	-0.000	0.001	0.001	0.001	0.002	0.007	0.002	0.001	0.001	0.001	0.002
556.00	-0.000	0.001	0.001	0.001	0.002	0.008	0.002	0.001	0.002	0.001	0.002
555.00	-0.000	0.001	0.001	0.001	0.002	0.008	0.002	0.001	0.002	0.001	0.002
554.00	-0.000	0.001	0.001	0.001	0.003	0.008	0.002	0.001	0.002	0.001	0.002
553.00	-0.000	0.001	0.001	0.001	0.003	0.008	0.002	0.001	0.002	0.001	0.002
552.00	-0.000	0.001	0.001	0.001	0.003	0.008	0.002	0.001	0.002	0.001	0.002
551.00	-0.000	0.001	0.001	0.001	0.002	0.008	0.002	0.001	0.001	0.001	0.002
550.00	-0.000	0.001	0.001	0.001	0.002	0.008	0.002	0.001	0.002	0.001	0.002
549.00	-0.000	0.001	0.001	0.001	0.003	0.008	0.002	0.001	0.002	0.001	0.002
548.00	-0.000	0.001	0.002	0.001	0.003	0.008	0.002	0.001	0.002	0.001	0.002
547.00	-0.000	0.001	0.002	0.001	0.002	0.008	0.002	0.001	0.002	0.001	0.002
546.00	-0.000	0.001	0.002	0.001	0.003	0.008	0.002	0.001	0.002	0.001	0.002
545.00	-0.000	0.001	0.002	0.001	0.003	0.008	0.002	0.001	0.002	0.001	0.002
544.00	-0.000	0.001	0.002	0.001	0.003	0.008	0.002	0.001	0.002	0.001	0.002
543.00	-0.000	0.001	0.002	0.001	0.003	0.008	0.002	0.001	0.002	0.001	0.002
542.00	-0.000	0.001	0.002	0.001	0.003	0.008	0.002	0.001	0.002	0.001	0.002
541.00	-0.000	0.001	0.002	0.001	0.003	0.008	0.002	0.001	0.002	0.001	0.002
540.00	-0.000	0.001	0.002	0.001	0.003	0.008	0.002	0.001	0.002	0.001	0.002
539.00	-0.000	0.001	0.002	0.001	0.003	0.008	0.002	0.001	0.002	0.001	0.002
538.00	-0.000	0.001	0.002	0.001	0.003	0.008	0.002	0.001	0.002	0.001	0.002
537.00	-0.000	0.001	0.002	0.002	0.003	0.008	0.003	0.001	0.002	0.001	0.003
536.00	0.001	0.002	0.003	0.002	0.004	0.009	0.003	0.002	0.003	0.002	0.003
535.00	-0.000	0.001	0.002	0.002	0.003	0.008	0.003	0.001	0.002	0.001	0.003
534.00	-0.000	0.001	0.002	0.001	0.003	0.008	0.002	0.001	0.002	0.001	0.002
533.00	-0.000	0.001	0.002	0.001	0.003	0.008	0.002	0.001	0.002	0.001	0.002
532.00	-0.000	0.001	0.002	0.001	0.003	0.008	0.002	0.001	0.002	0.001	0.002
531.00	-0.000	0.001	0.002	0.001	0.003	0.008	0.002	0.001	0.002	0.001	0.002
530.00	-0.000	0.001	0.002	0.001	0.003	0.008	0.002	0.001	0.002	0.001	0.002
529.00	-0.000	0.001	0.002	0.001	0.003	0.008	0.002	0.001	0.002	0.001	0.002
528.00	-0.000	0.001	0.002	0.001	0.003	0.008	0.002	0.001	0.002	0.001	0.002
527.00	-0.000	0.001	0.002	0.001	0.003	0.008	0.002	0.001	0.002	0.001	0.002
526.00	-0.000	0.001	0.002	0.001	0.003	0.008	0.002	0.001	0.002	0.001	0.002
525.00	-0.000	0.001	0.002	0.001	0.003	0.008	0.002	0.001	0.002	0.001	0.002
524.00	-0.000	0.001	0.002	0.001	0.003	0.008	0.002	0.001	0.002	0.001	0.002
523.00	-0.000	0.001	0.002	0.001	0.003	0.008	0.003	0.001	0.002	0.001	0.003
522.00	-0.000	0.001	0.002	0.002	0.003	0.008	0.003	0.001	0.002	0.001	0.003
521.00	-0.000	0.001	0.002	0.001	0.003	0.008	0.003	0.001	0.002	0.001	0.003
520.00	-0.000	0.001	0.002	0.002	0.003	0.008	0.003	0.001	0.002	0.001	0.003
519.00	-0.000	0.001	0.002	0.001	0.003	0.008	0.003	0.001	0.002	0.001	0.003
518.00	-0.000	0.001	0.002	0.001	0.003	0.008	0.003	0.001	0.002	0.001	0.003
517.00	-0.000	0.001	0.002	0.002	0.003	0.008	0.003	0.001	0.002	0.001	0.003
516.00	-0.000	0.001	0.002	0.002	0.003	0.008	0.003	0.001	0.002	0.001	0.003
515.00	-0.000	0.001	0.002	0.002	0.003	0.008	0.003	0.001	0.002	0.001	0.003
514.00	-0.000	0.001	0.002	0.002	0.003	0.008	0.003	0.001	0.002	0.001	0.003
513.00	-0.000	0.001	0.002	0.002	0.003	0.008	0.003	0.001	0.002	0.001	0.003
512.00	-0.000	0.001	0.002	0.002	0.003	0.008	0.003	0.001	0.002	0.001	0.003
511.00	-0.000	0.001	0.002	0.002	0.003	0.008	0.003	0.001	0.002	0.001	0.003
510.00	-0.000	0.001	0.002	0.001	0.003	0.008	0.003	0.001	0.002	0.001	0.003
509.00	-0.000	0.001	0.002	0.001	0.003	0.008	0.003	0.001	0.002	0.001	0.003
508.00	-0.000	0.001	0.002	0.002	0.003	0.008	0.003	0.001	0.002	0.001	0.003
507.00	-0.000	0.001	0.002	0.001	0.003	0.008	0.003	0.001	0.002	0.001	0.003
506.00	-0.000	0.001	0.002	0.002	0.003	0.008	0.003	0.001	0.002	0.001	0.003
505.00	-0.000	0.001	0.002	0.002	0.003	0.008	0.003	0.001	0.002	0.001	0.003
504.00	-0.000	0.001	0.002	0.002	0.003	0.008	0.003	0.001	0.002	0.001	0.003
503.00	-0.000	0.001	0.002	0.002	0.003	0.008	0.003	0.001	0.002	0.001	0.003
502.00	-0.000	0.001	0.002	0.002	0.003	0.008	0.003	0.001	0.002	0.001	0.003
501.00	-0.000	0.001	0.002	0.002	0.003	0.008	0.003	0.001	0.002	0.001	0.003
500.00	-0.000	0.001	0.002	0.002	0.003	0.008	0.003	0.001	0.002	0.001	0.003
499.00	-0.000	0.001	0.002	0.002	0.003	0.009	0.003	0.001	0.002	0.001	0.003
498.00	-0.000	0.001	0.002	0.002	0.003	0.009	0.003	0.001	0.002	0.001	0.003
497.00	-0.000	0.001	0.002	0.002	0.003	0.009	0.003	0.001	0.002	0.001	0.003
496.00	-0.000	0.001	0.002	0.002	0.003	0.009	0.003	0.001	0.002	0.001	0.003
495.00	-0.000	0.001	0.002	0.002	0.003	0.009	0.003	0.001	0.002	0.001	0.003
494.00	-0.000	0.001	0.002	0.002	0.003	0.009	0.003	0.001	0.002	0.001	0.003
493.00	-0.000	0.001	0.002	0.002	0.003	0.009	0.003	0.001	0.002	0.001	0.003
492.00	-0.001	0.001	0.002	0.002	0.003	0.009	0.003	0.001	0.002	0.001	0.003
491.00	-0.000	0.001	0.002	0.002	0.003	0.009	0.003	0.001	0.002	0.001	0.003
490.00	-0.001	0.001	0.002	0.002	0.003	0.009	0.003	0.001	0.002	0.001	0.003
489.00	-0.001	0.001	0.002	0.002	0.003	0.009	0.003	0.001	0.002	0.001	0.003
488.00	-0.001	0.001	0.002	0.002	0.003	0.009	0.003	0.001	0.002	0.001	0.003
487.00	-0.000	0.001	0.002	0.002	0.003	0.009	0.003	0.001	0.002	0.001	0.003
486.00	-0.000	0.001	0.002	0.002	0.003	0.009	0.003	0.001	0.002	0.001	0.003
485.00	-0.001	0.001	0.002	0.002	0.003	0.009	0.003	0.001	0.002	0.001	0.003
484.00	-0.001	0.001	0.002	0.002	0.003	0.009	0.003	0.001	0.002	0.001	0.003
483.00	-0.001	0.001	0.002	0.002	0.003	0.009	0.003	0.001	0.002	0.001	0.003
482.00	-0.001	0.001	0.002	0.002	0.003	0.009	0.003	0.001	0.002	0.001	0.003
481.00	-0.001	0.001	0.002	0.002	0.003	0.009	0.003	0.001	0.002	0.001	0.003
480.00	-0.001	0.001	0.002	0.002	0.003	0.009	0.003	0.001	0.002	0.001	0.003
479.00	-0.000	0.001	0.002	0.002	0.003	0.009	0.003	0.001	0.002	0.001	0.003
478.00	-0.000	0.001	0.002	0.002	0.003	0.009	0.003	0.001	0.002	0.001	0.003
477.00	-0.001	0.001	0.002	0.002	0.003	0.009	0.003	0.001	0.002	0.001	0.003
476.00	-0.001	0.001	0.002	0.002	0.003	0.009	0.003	0.001	0.002	0.001	0.003
475.00	-0.001	0.001	0.002	0.002	0.003	0.009	0.003	0.001	0.002	0.001	0.003
474.00	-0.001	0.001	0.002	0.002	0.003	0.009	0.003	0.001	0.002	0.001	0.003
473.00	-0.001	0.001	0.002	0.002	0.003	0.009	0.003	0.001	0.002	0.001	0.003
472.00	-0.001	0.001	0.002	0.002	0.003	0.009	0.003	0.001	0.003	0.001	0.003
471.00	-0.001	0.001	0.002	0.002	0.003	0.009	0.003	0.001	0.003	0.001	0.003
470.00	-0.001	0.001	0.002	0.002	0.003	0.009	0.003	0.001	0.003	0.001	0.003
469.00	-0.001	0.001	0.002	0.002	0.003	0.009	0.003	0.001	0.002	0.001	0.003
468.00	-0.001	0.001	0.002	0.002	0.003	0.009	0.003	0.001	0.002	0.001	0.003
467.00	-0.001	0.001	0.002	0.002	0.003	0.009	0.003	0.001	0.002	0.001	0.003
466.00	-0.001	0.001	0.002	0.002	0.003	0.009	0.003	0.001	0.002	0.001	0.003
465.00	-0.001	0.001	0.002	0.002	0.003	0.009	0.003	0.001	0.002	0.001	0.003
464.00	-0.001	0.001	0.002	0.002	0.003	0.009	0.003	0.001	0.003	0.001	0.003
463.00	-0.001	0.001	0.002	0.002	0.003	0.009	0.003	0.001	0.003	0.001	0.003
462.00	-0.001	0.001	0.002	0.002	0.003	0.009	0.003	0.001	0.003	0.001	0.003
461.00	-0.001	0.001	0.002	0.002	0.003	0.009	0.003	0.001	0.003	0.001	0.003
460.00	-0.001	0.001	0.002	0.002	0.003	0.009	0.003	0.001	0.003	0.001	0.003
459.00	-0.001	0.001	0.002	0.002	0.003	0.009	0.003	0.001	0.003	0.001	0.003
458.00	-0.001	0.001	0.002	0.002	0.003	0.009	0.003	0.001	0.003	0.001	0.003
457.00	-0.001	0.001	0.002	0.002	0.003	0.009	0.003	0.001	0.003	0.001	0.003
456.00	-0.001	0.001	0.002	0.002	0.003	0.009	0.003	0.001	0.003	0.001	0.003
455.00	-0.001	0.002	0.002	0.002	0.003	0.009	0.003	0.001	0.003	0.001	0.003
454.00	-0.001	0.001	0.002	0.002	0.003	0.009	0.003	0.001	0.003	0.001	0.003
453.00	-0.001	0.001	0.002	0.002	0.003	0.009	0.003	0.001	0.003	0.001	0.003
452.00	-0.001	0.001	0.002	0.002	0.003	0.009	0.003	0.001	0.003	0.001	0.004
451.00	-0.001	0.002	0.002	0.002	0.003	0.010	0.003	0.001	0.003	0.001	0.004
450.00	-0.001	0.002	0.002	0.002	0.003	0.010	0.003	0.001	0.003	0.001	0.004
449.00	-0.001	0.002	0.002	0.002	0.003	0.010	0.003	0.001	0.003	0.001	0.004
448.00	-0.001	0.001	0.002	0.002	0.003	0.010	0.003	0.001	0.003	0.001	0.004
447.00	-0.001	0.002	0.002	0.002	0.003	0.010	0.003	0.001	0.003	0.001	0.004
446.00	-0.001	0.002	0.002	0.002	0.003	0.010	0.003	0.001	0.003	0.001	0.004
445.00	-0.001	0.002	0.002	0.002	0.003	0.010	0.003	0.001	0.003	0.001	0.004
444.00	-0.001	0.002	0.002	0.002	0.003	0.010	0.003	0.001	0.003	0.001	0.004
443.00	-0.001	0.002	0.002	0.002	0.003	0.010	0.003	0.001	0.003	0.001	0.004
442.00	-0.001	0.002	0.002	0.002	0.003	0.010	0.003	0.001	0.003	0.001	0.004
441.00	-0.001	0.002	0.002	0.002	0.003	0.010	0.004	0.002	0.003	0.001	0.004
440.00	-0.001	0.002	0.002	0.002	0.003	0.010	0.004	0.002	0.003	0.001	0.004
439.00	-0.001	0.002	0.002	0.002	0.003	0.010	0.004	0.002	0.003	0.001	0.004
438.00	-0.001	0.002	0.002	0.002	0.003	0.010	0.004	0.002	0.003	0.001	0.004
437.00	-0.001	0.002	0.002	0.002	0.003	0.010	0.004	0.002	0.003	0.001	0.004
436.00	-0.001	0.002	0.003	0.002	0.003	0.010	0.004	0.002	0.003	0.001	0.004
435.00	-0.001	0.002	0.002	0.002	0.003	0.010	0.004	0.002	0.004	0.001	0.004
434.00	-0.001	0.002	0.002	0.002	0.003	0.010	0.004	0.002	0.004	0.002	0.004
433.00	-0.001	0.002	0.002	0.002	0.003	0.010	0.004	0.002	0.003	0.001	0.004
432.00	-0.001	0.002	0.002	0.002	0.003	0.010	0.004	0.002	0.003	0.001	0.004
431.00	-0.001	0.002	0.003	0.002	0.003	0.010	0.004	0.002	0.004	0.001	0.004
430.00	-0.001	0.002	0.003	0.002	0.003	0.010	0.004	0.002	0.004	0.001	0.004
429.00	-0.001	0.002	0.003	0.002	0.003	0.010	0.004	0.002	0.004	0.001	0.004
428.00	-0.001	0.002	0.003	0.002	0.003	0.011	0.004	0.002	0.004	0.002	0.005
427.00	-0.001	0.002	0.003	0.002	0.003	0.011	0.004	0.002	0.004	0.002	0.005
426.00	-0.001	0.002	0.003	0.002	0.003	0.011	0.004	0.002	0.004	0.002	0.005
425.00	-0.001	0.002	0.003	0.002	0.003	0.011	0.004	0.002	0.004	0.002	0.005
424.00	-0.001	0.002	0.003	0.002	0.003	0.011	0.004	0.002	0.004	0.002	0.005
423.00	-0.001	0.002	0.003	0.002	0.003	0.011	0.004	0.002	0.004	0.002	0.005
422.00	-0.001	0.002	0.003	0.002	0.003	0.011	0.004	0.002	0.004	0.002	0.005
421.00	-0.001	0.002	0.003	0.003	0.003	0.011	0.004	0.002	0.004	0.002	0.005
420.00	-0.001	0.002	0.003	0.003	0.003	0.011	0.004	0.002	0.004	0.002	0.005
419.00	-0.001	0.002	0.003	0.003	0.003	0.011	0.004	0.002	0.004	0.002	0.005
418.00	-0.001	0.002	0.003	0.003	0.003	0.011	0.004	0.002	0.004	0.002	0.005
417.00	-0.001	0.002	0.003	0.003	0.003	0.011	0.004	0.002	0.004	0.002	0.005
416.00	-0.001	0.002	0.003	0.003	0.003	0.011	0.004	0.002	0.004	0.002	0.005
415.00	-0.001	0.002	0.003	0.003	0.004	0.011	0.005	0.002	0.004	0.002	0.005
414.00	-0.001	0.002	0.003	0.003	0.003	0.011	0.004	0.002	0.004	0.002	0.005
413.00	-0.001	0.002	0.003	0.003	0.003	0.011	0.004	0.002	0.004	0.002	0.005
412.00	-0.001	0.002	0.003	0.003	0.003	0.011	0.005	0.002	0.004	0.002	0.005
411.00	-0.001	0.002	0.003	0.003	0.003	0.011	0.005	0.002	0.004	0.002	0.005
410.00	-0.001	0.002	0.003	0.003	0.003	0.011	0.005	0.002	0.004	0.002	0.005
409.00	-0.001	0.002	0.003	0.003	0.004	0.012	0.005	0.002	0.005	0.002	0.005
408.00	-0.001	0.003	0.003	0.003	0.004	0.012	0.005	0.002	0.005	0.002	0.005
407.00	-0.001	0.003	0.003	0.003	0.004	0.012	0.005	0.002	0.005	0.002	0.006
406.00	-0.001	0.003	0.003	0.003	0.004	0.012	0.005	0.002	0.005	0.002	0.006
405.00	-0.002	0.003	0.003	0.003	0.004	0.012	0.005	0.002	0.005	0.002	0.006
404.00	-0.001	0.003	0.003	0.003	0.004	0.012	0.005	0.002	0.005	0.002	0.006
403.00	-0.001	0.003	0.003	0.003	0.004	0.012	0.005	0.002	0.005	0.002	0.006
402.00	-0.001	0.003	0.003	0.003	0.004	0.012	0.005	0.002	0.005	0.003	0.006
401.00	-0.001	0.003	0.004	0.003	0.004	0.012	0.005	0.002	0.005	0.003	0.006
400.00	-0.001	0.003	0.004	0.003	0.004	0.012	0.005	0.003	0.005	0.003	0.006
399.00	-0.001	0.003	0.004	0.003	0.004	0.012	0.005	0.003	0.005	0.003	0.006
398.00	-0.002	0.003	0.004	0.003	0.004	0.012	0.005	0.003	0.005	0.003	0.006
397.00	-0.001	0.003	0.004	0.003	0.004	0.012	0.005	0.003	0.005	0.003	0.006
396.00	-0.002	0.003	0.004	0.003	0.004	0.012	0.005	0.003	0.005	0.003	0.006
395.00	-0.002	0.003	0.004	0.003	0.004	0.012	0.005	0.003	0.005	0.003	0.006
394.00	-0.002	0.003	0.004	0.003	0.004	0.013	0.005	0.003	0.005	0.003	0.006
393.00	-0.002	0.003	0.004	0.003	0.004	0.013	0.005	0.003	0.005	0.003	0.007
392.00	-0.002	0.003	0.004	0.003	0.004	0.013	0.006	0.003	0.006	0.003	0.007
391.00	-0.002	0.003	0.004	0.004	0.004	0.013	0.006	0.003	0.006	0.003	0.007
390.00	-0.002	0.003	0.004	0.003	0.004	0.013	0.006	0.003	0.006	0.003	0.007
389.00	-0.001	0.003	0.004	0.004	0.004	0.013	0.006	0.003	0.006	0.003	0.007
388.00	-0.002	0.003	0.004	0.004	0.004	0.013	0.006	0.003	0.006	0.003	0.007
387.00	-0.002	0.004	0.004	0.004	0.004	0.013	0.006	0.003	0.006	0.003	0.007
386.00	-0.002	0.004	0.004	0.004	0.004	0.013	0.006	0.003	0.006	0.003	0.007
385.00	-0.002	0.004	0.004	0.004	0.004	0.013	0.006	0.003	0.006	0.003	0.007
384.00	-0.002	0.004	0.005	0.004	0.004	0.013	0.006	0.003	0.006	0.003	0.007
383.00	-0.002	0.004	0.004	0.004	0.004	0.014	0.006	0.004	0.006	0.004	0.007
382.00	-0.002	0.004	0.005	0.004	0.004	0.014	0.006	0.003	0.006	0.004	0.008
381.00	-0.002	0.004	0.005	0.004	0.004	0.014	0.007	0.004	0.007	0.004	0.008
380.00	-0.002	0.004	0.005	0.004	0.004	0.014	0.007	0.004	0.007	0.004	0.008
379.00	-0.002	0.004	0.005	0.004	0.004	0.014	0.007	0.004	0.007	0.004	0.008
378.00	-0.002	0.004	0.005	0.004	0.004	0.014	0.007	0.004	0.007	0.004	0.008
377.00	-0.002	0.004	0.005	0.004	0.004	0.014	0.007	0.004	0.007	0.004	0.008
376.00	-0.002	0.004	0.005	0.004	0.005	0.014	0.007	0.004	0.007	0.004	0.008
375.00	-0.002	0.004	0.005	0.005	0.005	0.015	0.007	0.004	0.007	0.004	0.009
374.00	-0.002	0.005	0.005	0.005	0.005	0.015	0.007	0.004	0.008	0.004	0.009
373.00	-0.002	0.004	0.005	0.004	0.004	0.015	0.007	0.004	0.008	0.004	0.009
372.00	-0.002	0.005	0.005	0.005	0.005	0.015	0.007	0.004	0.008	0.004	0.009
371.00	-0.002	0.005	0.005	0.005	0.005	0.015	0.008	0.004	0.008	0.004	0.009
370.00	-0.002	0.005	0.006	0.005	0.005	0.015	0.008	0.005	0.008	0.005	0.009
369.00	-0.002	0.005	0.006	0.005	0.005	0.015	0.008	0.005	0.008	0.005	0.009
368.00	-0.002	0.005	0.006	0.005	0.005	0.015	0.008	0.005	0.008	0.005	0.010
367.00	-0.002	0.005	0.006	0.005	0.005	0.016	0.008	0.005	0.008	0.005	0.010
366.00	-0.002	0.005	0.006	0.005	0.005	0.016	0.008	0.005	0.008	0.005	0.010
365.00	-0.002	0.005	0.006	0.005	0.005	0.016	0.008	0.005	0.009	0.005	0.010
364.00	-0.002	0.005	0.006	0.006	0.005	0.016	0.009	0.005	0.009	0.005	0.010
363.00	-0.002	0.005	0.006	0.005	0.005	0.016	0.009	0.005	0.009	0.005	0.010
362.00	-0.002	0.005	0.006	0.005	0.005	0.016	0.009	0.005	0.009	0.005	0.010
361.00	-0.002	0.006	0.006	0.005	0.005	0.016	0.009	0.006	0.009	0.006	0.011
360.00	-0.002	0.005	0.006	0.005	0.005	0.016	0.009	0.005	0.009	0.005	0.010
359.00	-0.003	0.005	0.006	0.005	0.005	0.016	0.009	0.005	0.009	0.005	0.010
358.00	-0.003	0.006	0.006	0.006	0.005	0.017	0.009	0.005	0.009	0.005	0.011
357.00	-0.002	0.006	0.007	0.006	0.005	0.017	0.009	0.006	0.009	0.006	0.011
356.00	-0.003	0.006	0.007	0.005	0.005	0.017	0.009	0.006	0.009	0.006	0.011
355.00	-0.003	0.006	0.007	0.006	0.006	0.017	0.009	0.006	0.009	0.006	0.011
354.00	-0.002	0.006	0.007	0.006	0.006	0.017	0.009	0.006	0.009	0.006	0.011
353.00	-0.002	0.006	0.007	0.006	0.006	0.017	0.010	0.006	0.010	0.006	0.012
352.00	-0.003	0.006	0.007	0.006	0.006	0.017	0.010	0.006	0.010	0.006	0.012
351.00	-0.003	0.006	0.007	0.007	0.005	0.018	0.010	0.006	0.010	0.006	0.012
350.00	-0.003	0.007	0.007	0.007	0.006	0.018	0.010	0.006	0.010	0.006	0.012
349.00	-0.003	0.007	0.008	0.007	0.006	0.018	0.010	0.006	0.011	0.007	0.012
348.00	-0.003	0.006	0.008	0.006	0.006	0.018	0.010	0.006	0.010	0.007	0.012
347.00	-0.003	0.007	0.008	0.007	0.006	0.018	0.010	0.006	0.011	0.007	0.012
346.00	-0.003	0.007	0.008	0.007	0.006	0.018	0.010	0.006	0.011	0.007	0.012
345.00	-0.003	0.007	0.008	0.007	0.006	0.019	0.011	0.007	0.011	0.007	0.013
344.00	-0.003	0.007	0.008	0.008	0.006	0.018	0.011	0.007	0.011	0.007	0.013
343.00	-0.003	0.007	0.009	0.007	0.006	0.019	0.011	0.007	0.011	0.007	0.014
342.00	-0.003	0.007	0.008	0.007	0.006	0.019	0.011	0.007	0.011	0.007	0.013
341.00	-0.003	0.008	0.009	0.008	0.007	0.019	0.012	0.007	0.012	0.008	0.014
340.00	-0.002	0.009	0.010	0.009	0.008	0.021	0.013	0.009	0.013	0.009	0.015
339.00	-0.003	0.008	0.009	0.008	0.007	0.020	0.012	0.008	0.013	0.008	0.014
338.00	-0.003	0.008	0.009	0.008	0.007	0.020	0.012	0.008	0.012	0.008	0.014
337.00	-0.003	0.008	0.009	0.008	0.007	0.020	0.012	0.008	0.013	0.009	0.015
336.00	-0.003	0.009	0.010	0.008	0.007	0.020	0.012	0.008	0.013	0.009	0.015
335.00	-0.003	0.009	0.010	0.009	0.007	0.021	0.013	0.008	0.013	0.009	0.015
334.00	-0.003	0.009	0.010	0.009	0.007	0.021	0.013	0.008	0.013	0.009	0.015
333.00	-0.003	0.009	0.010	0.009	0.007	0.021	0.013	0.009	0.013	0.009	0.016
332.00	-0.003	0.009	0.010	0.009	0.008	0.021	0.014	0.009	0.014	0.009	0.016
331.00	-0.003	0.009	0.010	0.009	0.007	0.021	0.014	0.009	0.014	0.009	0.016
330.00	-0.003	0.009	0.010	0.010	0.008	0.022	0.014	0.010	0.014	0.010	0.016
329.00	-0.003	0.010	0.011	0.010	0.008	0.022	0.014	0.010	0.014	0.010	0.016
328.00	-0.003	0.010	0.011	0.010	0.008	0.022	0.015	0.010	0.014	0.010	0.017
327.00	-0.003	0.010	0.011	0.010	0.008	0.023	0.015	0.010	0.015	0.011	0.017
326.00	-0.003	0.010	0.011	0.010	0.008	0.023	0.015	0.010	0.015	0.011	0.017
325.00	-0.003	0.011	0.011	0.011	0.008	0.023	0.015	0.011	0.015	0.011	0.018
324.00	-0.003	0.011	0.012	0.011	0.009	0.023	0.016	0.011	0.016	0.012	0.018
323.00	-0.003	0.011	0.012	0.011	0.008	0.024	0.016	0.011	0.016	0.012	0.018
322.00	-0.003	0.011	0.013	0.011	0.009	0.024	0.016	0.012	0.016	0.012	0.019
321.00	-0.003	0.012	0.013	0.012	0.009	0.024	0.017	0.012	0.016	0.012	0.019
320.00	-0.003	0.012	0.013	0.012	0.009	0.024	0.017	0.012	0.017	0.012	0.019
319.00	-0.003	0.012	0.014	0.012	0.009	0.025	0.017	0.012	0.017	0.013	0.020
318.00	-0.003	0.012	0.014	0.012	0.009	0.025	0.017	0.013	0.017	0.013	0.020
317.00	-0.003	0.013	0.015	0.013	0.009	0.025	0.018	0.013	0.018	0.013	0.020
316.00	-0.003	0.013	0.015	0.013	0.009	0.025	0.018	0.013	0.018	0.014	0.021
315.00	-0.003	0.013	0.016	0.013	0.010	0.026	0.019	0.014	0.018	0.014	0.021
314.00	-0.003	0.014	0.016	0.014	0.010	0.026	0.019	0.014	0.019	0.014	0.022
313.00	-0.003	0.014	0.017	0.014	0.010	0.026	0.020	0.015	0.019	0.015	0.022
312.00	-0.003	0.014	0.018	0.014	0.010	0.027	0.020	0.015	0.019	0.015	0.022
311.00	-0.003	0.015	0.019	0.015	0.011	0.027	0.020	0.016	0.020	0.016	0.023
310.00	-0.003	0.015	0.020	0.015	0.011	0.027	0.021	0.016	0.020	0.016	0.024
309.00	-0.004	0.015	0.021	0.015	0.010	0.028	0.021	0.016	0.020	0.016	0.024
308.00	-0.004	0.015	0.022	0.016	0.011	0.028	0.022	0.017	0.020	0.017	0.024
307.00	-0.004	0.016	0.024	0.016	0.011	0.028	0.022	0.017	0.021	0.017	0.025
306.00	-0.004	0.016	0.025	0.017	0.011	0.029	0.023	0.018	0.021	0.018	0.025
305.00	-0.004	0.017	0.027	0.017	0.011	0.030	0.023	0.019	0.022	0.018	0.026
304.00	-0.004	0.017	0.028	0.018	0.011	0.030	0.024	0.019	0.022	0.019	0.026
303.00	-0.004	0.017	0.030	0.018	0.012	0.031	0.024	0.020	0.022	0.019	0.027
302.00	-0.004	0.018	0.032	0.019	0.012	0.031	0.025	0.020	0.023	0.020	0.028
301.00	-0.003	0.019	0.034	0.019	0.012	0.031	0.026	0.021	0.023	0.021	0.028
300.00	-0.004	0.019	0.036	0.020	0.012	0.032	0.026	0.022	0.024	0.021	0.029
299.00	-0.004	0.020	0.037	0.021	0.013	0.032	0.027	0.023	0.024	0.022	0.030
298.00	-0.004	0.020	0.039	0.021	0.013	0.033	0.028	0.023	0.025	0.022	0.030
297.00	-0.004	0.021	0.041	0.022	0.013	0.033	0.028	0.024	0.025	0.023	0.031
296.00	-0.004	0.021	0.042	0.022	0.013	0.034	0.029	0.025	0.026	0.024	0.031
295.00	-0.004	0.022	0.043	0.023	0.013	0.034	0.030	0.025	0.027	0.024	0.032
294.00	-0.004	0.022	0.044	0.024	0.013	0.034	0.030	0.026	0.027	0.025	0.033
293.00	-0.004	0.023	0.046	0.024	0.014	0.035	0.031	0.027	0.028	0.026	0.034
292.00	-0.004	0.024	0.047	0.025	0.014	0.036	0.032	0.028	0.028	0.027	0.035
291.00	-0.004	0.024	0.048	0.026	0.014	0.036	0.033	0.029	0.029	0.027	0.035
290.00	-0.004	0.025	0.048	0.026	0.014	0.036	0.034	0.030	0.029	0.028	0.036
289.00	-0.004	0.025	0.049	0.027	0.014	0.037	0.034	0.030	0.030	0.029	0.037
288.00	-0.004	0.026	0.050	0.027	0.015	0.038	0.035	0.031	0.031	0.030	0.037
287.00	-0.004	0.027	0.051	0.028	0.015	0.038	0.036	0.032	0.031	0.030	0.038
286.00	-0.004	0.028	0.051	0.029	0.016	0.039	0.037	0.033	0.032	0.031	0.039
285.00	-0.004	0.028	0.052	0.029	0.016	0.039	0.038	0.034	0.033	0.032	0.040
284.00	-0.005	0.029	0.052	0.030	0.016	0.040	0.038	0.035	0.033	0.033	0.040
283.00	-0.004	0.030	0.052	0.031	0.016	0.040	0.039	0.035	0.034	0.034	0.041
282.00	-0.004	0.031	0.053	0.032	0.017	0.041	0.040	0.036	0.035	0.035	0.042
281.00	-0.004	0.031	0.053	0.032	0.017	0.042	0.041	0.037	0.035	0.035	0.042
280.00	-0.004	0.032	0.053	0.033	0.017	0.042	0.042	0.038	0.036	0.036	0.043
279.00	-0.005	0.033	0.053	0.034	0.017	0.043	0.042	0.039	0.037	0.037	0.044
278.00	-0.005	0.033	0.053	0.034	0.017	0.043	0.043	0.039	0.037	0.037	0.044
277.00	-0.005	0.034	0.054	0.035	0.017	0.044	0.043	0.040	0.038	0.038	0.045
276.00	-0.004	0.035	0.054	0.036	0.018	0.044	0.044	0.041	0.039	0.039	0.046
275.00	-0.005	0.035	0.054	0.036	0.018	0.045	0.045	0.041	0.040	0.040	0.046
274.00	-0.005	0.036	0.054	0.037	0.018	0.046	0.045	0.042	0.040	0.040	0.047
273.00	-0.005	0.037	0.054	0.037	0.019	0.046	0.046	0.043	0.041	0.041	0.047
272.00	-0.005	0.037	0.055	0.038	0.019	0.047	0.047	0.043	0.041	0.042	0.048
271.00	-0.005	0.038	0.055	0.039	0.019	0.047	0.047	0.044	0.042	0.042	0.048
270.00	-0.005	0.038	0.055	0.039	0.019	0.047	0.048	0.044	0.043	0.043	0.048
269.00	-0.005	0.039	0.055	0.040	0.019	0.048	0.048	0.045	0.043	0.043	0.049
268.00	-0.005	0.039	0.055	0.040	0.020	0.048	0.049	0.045	0.044	0.044	0.049
267.00	-0.005	0.040	0.055	0.041	0.020	0.049	0.049	0.045	0.044	0.044	0.050
266.00	-0.005	0.041	0.055	0.041	0.020	0.050	0.050	0.046	0.045	0.045	0.050
265.00	-0.005	0.041	0.055	0.042	0.021	0.050	0.050	0.046	0.046	0.045	0.051
264.00	-0.005	0.041	0.055	0.042	0.021	0.051	0.051	0.047	0.046	0.046	0.051
263.00	-0.005	0.042	0.055	0.043	0.021	0.051	0.051	0.047	0.047	0.046	0.051
262.00	-0.005	0.043	0.056	0.043	0.021	0.052	0.051	0.047	0.047	0.046	0.052
261.00	-0.005	0.043	0.056	0.044	0.022	0.053	0.052	0.048	0.048	0.047	0.052
260.00	-0.005	0.043	0.055	0.044	0.022	0.053	0.052	0.048	0.048	0.047	0.052
259.00	-0.005	0.044	0.056	0.044	0.022	0.053	0.053	0.048	0.049	0.047	0.053
258.00	-0.005	0.044	0.056	0.044	0.022	0.054	0.053	0.048	0.049	0.047	0.053
257.00	-0.005	0.044	0.056	0.045	0.022	0.054	0.053	0.048	0.049	0.048	0.053
256.00	-0.005	0.045	0.056	0.045	0.023	0.054	0.053	0.048	0.050	0.048	0.053
255.00	-0.005	0.045	0.057	0.045	0.023	0.055	0.054	0.049	0.050	0.048	0.054
254.00	-0.005	0.045	0.057	0.045	0.023	0.055	0.054	0.049	0.051	0.048	0.054
253.00	-0.005	0.046	0.058	0.046	0.023	0.056	0.054	0.049	0.051	0.048	0.054
252.00	-0.005	0.046	0.058	0.046	0.023	0.056	0.054	0.049	0.051	0.049	0.054
251.00	-0.005	0.046	0.059	0.046	0.023	0.057	0.055	0.050	0.052	0.049	0.055
250.00	-0.006	0.046	0.059	0.047	0.023	0.057	0.055	0.050	0.052	0.049	0.055
249.00	-0.005	0.047	0.060	0.047	0.024	0.057	0.055	0.050	0.052	0.049	0.055
248.00	-0.006	0.047	0.061	0.047	0.024	0.058	0.055	0.050	0.053	0.050	0.055
247.00	-0.006	0.047	0.062	0.048	0.024	0.058	0.056	0.050	0.053	0.050	0.056
246.00	-0.006	0.048	0.062	0.048	0.024	0.059	0.056	0.050	0.054	0.050	0.056
245.00	-0.006	0.048	0.063	0.049	0.025	0.059	0.057	0.051	0.054	0.051	0.056
244.00	-0.006	0.049	0.064	0.049	0.025	0.060	0.057	0.051	0.055	0.051	0.057
243.00	-0.006	0.049	0.065	0.050	0.025	0.061	0.058	0.052	0.055	0.052	0.057
242.00	-0.006	0.050	0.066	0.050	0.025	0.061	0.059	0.052	0.056	0.052	0.058
241.00	-0.006	0.050	0.067	0.051	0.026	0.062	0.059	0.053	0.056	0.053	0.058
240.00	-0.006	0.051	0.068	0.051	0.026	0.063	0.060	0.053	0.057	0.053	0.059
239.00	-0.007	0.052	0.069	0.052	0.027	0.064	0.061	0.054	0.058	0.054	0.060
238.00	-0.007	0.053	0.071	0.053	0.027	0.064	0.062	0.055	0.059	0.055	0.061
237.00	-0.007	0.053	0.072	0.054	0.027	0.065	0.063	0.056	0.060	0.056	0.062
236.00	-0.007	0.054	0.073	0.055	0.028	0.066	0.064	0.057	0.061	0.057	0.063
235.00	-0.007	0.055	0.074	0.056	0.029	0.067	0.065	0.058	0.062	0.058	0.064
234.00	-0.007	0.056	0.076	0.057	0.029	0.068	0.066	0.059	0.063	0.059	0.065
233.00	-0.007	0.058	0.077	0.058	0.030	0.069	0.068	0.061	0.064	0.060	0.066
232.00	-0.007	0.059	0.079	0.060	0.030	0.070	0.069	0.062	0.065	0.062	0.068
231.00	-0.007	0.060	0.080	0.061	0.031	0.072	0.071	0.064	0.066	0.063	0.069
230.00	-0.007	0.061	0.082	0.062	0.032	0.073	0.072	0.065	0.068	0.064	0.071
229.00	-0.007	0.063	0.084	0.064	0.032	0.074	0.074	0.067	0.069	0.066	0.072
228.00	-0.007	0.064	0.086	0.066	0.033	0.076	0.076	0.070	0.070	0.068	0.074
227.00	-0.007	0.066	0.088	0.067	0.034	0.077	0.078	0.072	0.071	0.070	0.076
226.00	-0.007	0.067	0.090	0.069	0.035	0.078	0.080	0.073	0.073	0.071	0.077
225.00	-0.007	0.069	0.092	0.070	0.036	0.079	0.082	0.075	0.074	0.073	0.079
224.00	-0.007	0.070	0.094	0.072	0.037	0.081	0.084	0.077	0.075	0.075	0.081
223.00	-0.007	0.072	0.096	0.074	0.038	0.082	0.086	0.079	0.077	0.076	0.083
222.00	-0.007	0.074	0.098	0.076	0.038	0.083	0.088	0.082	0.078	0.078	0.085
221.00	-0.008	0.075	0.101	0.077	0.039	0.085	0.090	0.084	0.080	0.080	0.087
220.00	-0.008	0.077	0.103	0.079	0.040	0.086	0.092	0.086	0.081	0.082	0.089
219.00	-0.008	0.079	0.106	0.081	0.041	0.088	0.095	0.088	0.083	0.084	0.091
218.00	-0.008	0.081	0.109	0.083	0.043	0.089	0.097	0.091	0.085	0.086	0.093
217.00	-0.008	0.083	0.112	0.085	0.044	0.091	0.099	0.093	0.087	0.088	0.096
216.00	-0.008	0.085	0.116	0.088	0.045	0.093	0.102	0.096	0.088	0.091	0.098
215.00	-0.009	0.088	0.120	0.090	0.046	0.095	0.105	0.099	0.091	0.093	0.101
214.00	-0.009	0.090	0.125	0.093	0.048	0.097	0.108	0.102	0.092	0.096	0.104
213.00	-0.009	0.093	0.130	0.096	0.049	0.099	0.111	0.105	0.095	0.098	0.107
212.00	-0.009	0.096	0.135	0.099	0.050	0.101	0.114	0.109	0.097	0.102	0.109
211.00	-0.010	0.098	0.141	0.102	0.051	0.103	0.117	0.112	0.099	0.104	0.112
210.00	-0.010	0.101	0.148	0.105	0.053	0.105	0.121	0.116	0.102	0.108	0.115
209.00	-0.010	0.104	0.155	0.109	0.054	0.107	0.124	0.120	0.104	0.111	0.118
208.00	-0.011	0.108	0.163	0.113	0.056	0.109	0.128	0.124	0.107	0.115	0.122
207.00	-0.011	0.112	0.171	0.117	0.057	0.112	0.132	0.129	0.110	0.119	0.125
206.00	-0.011	0.115	0.179	0.121	0.059	0.114	0.137	0.133	0.113	0.123	0.128
205.00	-0.012	0.120	0.188	0.125	0.060	0.116	0.141	0.139	0.116	0.127	0.132
204.00	-0.012	0.125	0.197	0.131	0.062	0.120	0.147	0.145	0.121	0.133	0.136
203.00	-0.012	0.131	0.207	0.137	0.064	0.123	0.153	0.152	0.125	0.139	0.141
202.00	-0.013	0.136	0.217	0.143	0.065	0.126	0.160	0.159	0.130	0.146	0.145
201.00	-0.014	0.143	0.228	0.151	0.067	0.129	0.167	0.168	0.136	0.153	0.151
200.00	-0.014	0.152	0.240	0.160	0.069	0.134	0.176	0.179	0.143	0.162	0.158
199.00	-0.014	0.161	0.253	0.169	0.071	0.139	0.186	0.190	0.150	0.172	0.165
198.00	-0.015	0.171	0.267	0.180	0.073	0.144	0.196	0.202	0.158	0.183	0.172
197.00	-0.015	0.183	0.284	0.192	0.076	0.151	0.210	0.216	0.169	0.196	0.182
196.00	-0.015	0.197	0.302	0.206	0.079	0.158	0.224	0.233	0.181	0.211	0.192
195.00	-0.015	0.211	0.322	0.220	0.082	0.166	0.240	0.250	0.193	0.226	0.203
194.00	-0.016	0.230	0.346	0.237	0.086	0.176	0.258	0.270	0.208	0.245	0.215
193.00	-0.015	0.248	0.371	0.256	0.091	0.187	0.278	0.292	0.225	0.267	0.231
192.00	-0.015	0.272	0.401	0.280	0.096	0.202	0.303	0.322	0.246	0.294	0.249
191.00	-0.014	0.296	0.432	0.301	0.101	0.215	0.327	0.347	0.265	0.318	0.267
190.00	-0.011	0.316	0.456	0.322	0.107	0.230	0.349	0.372	0.287	0.340	0.285
