190.00	0.042	0.440	0.334	0.327	0.328	0.346	0.241	0.318	0.326	0.213	0.363	0.377
191.00	0.040	0.418	0.312	0.304	0.305	0.323	0.228	0.308	0.303	0.203	0.346	0.354
192.00	0.040	0.393	0.289	0.283	0.283	0.300	0.217	0.300	0.283	0.195	0.334	0.333
193.00	0.038	0.367	0.264	0.262	0.260	0.275	0.207	0.291	0.260	0.185	0.316	0.309
194.00	0.037	0.345	0.244	0.245	0.241	0.256	0.198	0.284	0.243	0.178	0.304	0.291
195.00	0.036	0.325	0.226	0.228	0.224	0.238	0.190	0.277	0.226	0.170	0.291	0.275
196.00	0.035	0.307	0.210	0.214	0.209	0.223	0.184	0.272	0.211	0.165	0.280	0.260
197.00	0.034	0.291	0.196	0.201	0.195	0.210	0.177	0.266	0.199	0.159	0.270	0.247
198.00	0.032	0.277	0.183	0.190	0.182	0.197	0.171	0.260	0.187	0.154	0.261	0.235
199.00	0.032	0.265	0.173	0.180	0.172	0.188	0.168	0.257	0.178	0.150	0.253	0.226
200.00	0.032	0.255	0.164	0.173	0.164	0.180	0.164	0.253	0.171	0.147	0.247	0.218
201.00	0.032	0.245	0.155	0.165	0.156	0.173	0.161	0.249	0.163	0.144	0.241	0.210
202.00	0.033	0.237	0.148	0.160	0.149	0.167	0.158	0.246	0.158	0.142	0.235	0.204
203.00	0.032	0.229	0.142	0.155	0.143	0.162	0.155	0.243	0.153	0.140	0.230	0.198
204.00	0.032	0.222	0.136	0.149	0.137	0.156	0.152	0.239	0.148	0.137	0.224	0.192
205.00	0.031	0.214	0.130	0.144	0.131	0.151	0.148	0.233	0.142	0.134	0.218	0.186
206.00	0.030	0.207	0.125	0.139	0.127	0.146	0.145	0.229	0.138	0.131	0.213	0.181
207.00	0.030	0.201	0.121	0.135	0.122	0.142	0.141	0.224	0.134	0.128	0.207	0.177
208.00	0.029	0.195	0.117	0.131	0.118	0.138	0.138	0.218	0.130	0.124	0.202	0.172
209.00	0.028	0.188	0.113	0.127	0.114	0.133	0.134	0.213	0.125	0.120	0.196	0.167
210.00	0.027	0.182	0.108	0.123	0.110	0.129	0.130	0.206	0.122	0.117	0.189	0.163
211.00	0.025	0.176	0.105	0.119	0.106	0.125	0.126	0.199	0.118	0.113	0.183	0.158
212.00	0.024	0.169	0.101	0.116	0.103	0.121	0.122	0.192	0.115	0.109	0.176	0.154
213.00	0.023	0.163	0.098	0.113	0.099	0.117	0.118	0.185	0.111	0.105	0.170	0.150
214.00	0.023	0.157	0.095	0.110	0.096	0.114	0.114	0.177	0.108	0.102	0.163	0.147
215.00	0.022	0.150	0.092	0.107	0.093	0.110	0.109	0.170	0.106	0.098	0.156	0.143
216.00	0.021	0.144	0.090	0.104	0.090	0.107	0.105	0.163	0.103	0.094	0.150	0.140
217.00	0.020	0.139	0.087	0.101	0.088	0.104	0.101	0.156	0.100	0.091	0.144	0.136
218.00	0.019	0.134	0.085	0.099	0.085	0.101	0.098	0.150	0.098	0.088	0.138	0.133
219.00	0.018	0.128	0.083	0.097	0.083	0.098	0.094	0.144	0.096	0.085	0.133	0.130
220.00	0.018	0.123	0.081	0.095	0.081	0.095	0.091	0.137	0.094	0.081	0.127	0.127
221.00	0.017	0.119	0.079	0.093	0.078	0.092	0.088	0.131	0.092	0.079	0.122	0.125
222.00	0.016	0.114	0.078	0.092	0.077	0.090	0.085	0.126	0.090	0.076	0.117	0.122
223.00	0.016	0.110	0.076	0.090	0.075	0.087	0.082	0.120	0.088	0.073	0.113	0.120
224.00	0.015	0.106	0.075	0.088	0.073	0.085	0.079	0.116	0.087	0.071	0.108	0.118
225.00	0.015	0.102	0.073	0.087	0.071	0.083	0.077	0.111	0.085	0.069	0.104	0.116
226.00	0.014	0.099	0.072	0.085	0.070	0.081	0.075	0.107	0.084	0.067	0.101	0.113
227.00	0.014	0.096	0.070	0.084	0.068	0.079	0.072	0.103	0.082	0.065	0.097	0.112
228.00	0.014	0.093	0.069	0.082	0.067	0.077	0.070	0.100	0.081	0.064	0.094	0.110
229.00	0.013	0.090	0.068	0.081	0.065	0.075	0.069	0.097	0.080	0.062	0.091	0.107
230.00	0.013	0.088	0.067	0.080	0.064	0.074	0.067	0.094	0.078	0.060	0.088	0.106
231.00	0.013	0.085	0.065	0.078	0.063	0.072	0.065	0.091	0.077	0.059	0.085	0.104
232.00	0.013	0.083	0.064	0.077	0.061	0.071	0.064	0.089	0.076	0.058	0.083	0.102
233.00	0.013	0.081	0.063	0.076	0.061	0.070	0.063	0.087	0.075	0.057	0.081	0.101
234.00	0.012	0.079	0.063	0.075	0.060	0.069	0.062	0.085	0.074	0.056	0.079	0.099
235.00	0.012	0.078	0.062	0.074	0.059	0.067	0.061	0.083	0.073	0.055	0.078	0.098
236.00	0.012	0.076	0.060	0.073	0.058	0.066	0.060	0.081	0.072	0.054	0.076	0.096
237.00	0.012	0.074	0.060	0.072	0.057	0.065	0.059	0.080	0.071	0.053	0.075	0.095
238.00	0.012	0.073	0.059	0.071	0.056	0.064	0.058	0.079	0.070	0.052	0.074	0.094
239.00	0.012	0.072	0.058	0.070	0.056	0.063	0.057	0.078	0.069	0.052	0.073	0.093
240.00	0.011	0.070	0.057	0.069	0.055	0.063	0.056	0.076	0.068	0.051	0.072	0.092
241.00	0.011	0.069	0.057	0.068	0.054	0.062	0.055	0.075	0.067	0.050	0.071	0.091
242.00	0.011	0.068	0.056	0.067	0.053	0.061	0.055	0.074	0.066	0.050	0.070	0.090
243.00	0.011	0.067	0.055	0.066	0.053	0.060	0.054	0.074	0.066	0.049	0.069	0.089
244.00	0.011	0.066	0.055	0.066	0.052	0.059	0.053	0.073	0.065	0.049	0.068	0.088
245.00	0.011	0.066	0.054	0.065	0.051	0.059	0.053	0.072	0.064	0.048	0.068	0.087
246.00	0.010	0.065	0.053	0.064	0.051	0.058	0.052	0.071	0.064	0.047	0.067	0.086
247.00	0.010	0.064	0.053	0.063	0.050	0.057	0.051	0.070	0.063	0.047	0.066	0.085
248.00	0.010	0.063	0.052	0.063	0.050	0.057	0.051	0.069	0.062	0.046	0.066	0.085
249.00	0.010	0.062	0.052	0.062	0.049	0.056	0.050	0.069	0.061	0.046	0.066	0.084
250.00	0.010	0.061	0.051	0.061	0.049	0.056	0.050	0.068	0.061	0.045	0.065	0.083
251.00	0.010	0.061	0.051	0.061	0.048	0.055	0.050	0.068	0.060	0.045	0.065	0.083
252.00	0.010	0.060	0.051	0.060	0.048	0.054	0.049	0.067	0.060	0.045	0.065	0.082
253.00	0.010	0.060	0.050	0.060	0.048	0.054	0.049	0.066	0.059	0.044	0.064	0.082
254.00	0.010	0.059	0.050	0.059	0.047	0.054	0.048	0.066	0.059	0.044	0.064	0.081
255.00	0.009	0.058	0.049	0.058	0.047	0.053	0.048	0.066	0.058	0.043	0.064	0.081
256.00	0.009	0.058	0.049	0.058	0.046	0.052	0.047	0.065	0.057	0.043	0.063	0.080
257.00	0.009	0.057	0.048	0.057	0.046	0.052	0.047	0.065	0.057	0.043	0.063	0.079
258.00	0.009	0.057	0.048	0.057	0.046	0.052	0.047	0.064	0.057	0.042	0.063	0.079
259.00	0.009	0.056	0.048	0.056	0.045	0.051	0.046	0.064	0.056	0.042	0.062	0.079
260.00	0.009	0.056	0.047	0.056	0.045	0.050	0.046	0.063	0.055	0.042	0.062	0.078
261.00	0.009	0.055	0.047	0.055	0.044	0.050	0.046	0.063	0.055	0.041	0.062	0.077
262.00	0.009	0.055	0.047	0.055	0.044	0.050	0.045	0.063	0.055	0.041	0.062	0.077
263.00	0.009	0.054	0.046	0.054	0.043	0.049	0.045	0.062	0.054	0.041	0.061	0.076
264.00	0.009	0.054	0.046	0.054	0.043	0.049	0.045	0.062	0.053	0.041	0.061	0.076
265.00	0.009	0.053	0.045	0.053	0.042	0.048	0.044	0.061	0.053	0.040	0.061	0.075
266.00	0.009	0.053	0.045	0.053	0.042	0.048	0.044	0.061	0.052	0.040	0.060	0.074
267.00	0.009	0.052	0.044	0.052	0.041	0.047	0.043	0.060	0.052	0.040	0.060	0.073
268.00	0.009	0.052	0.043	0.052	0.041	0.046	0.043	0.060	0.051	0.039	0.059	0.073
269.00	0.009	0.051	0.043	0.051	0.040	0.046	0.042	0.059	0.051	0.039	0.059	0.072
270.00	0.009	0.050	0.042	0.050	0.040	0.045	0.042	0.059	0.050	0.038	0.058	0.071
271.00	0.009	0.050	0.042	0.050	0.039	0.045	0.042	0.059	0.049	0.038	0.058	0.070
272.00	0.009	0.049	0.041	0.049	0.039	0.044	0.041	0.058	0.049	0.038	0.057	0.070
273.00	0.009	0.048	0.040	0.048	0.038	0.043	0.041	0.057	0.048	0.037	0.057	0.068
274.00	0.009	0.048	0.040	0.048	0.037	0.043	0.041	0.057	0.048	0.037	0.056	0.068
275.00	0.008	0.047	0.039	0.047	0.036	0.042	0.040	0.056	0.047	0.037	0.055	0.067
276.00	0.008	0.046	0.038	0.046	0.036	0.042	0.040	0.056	0.046	0.036	0.055	0.066
277.00	0.008	0.046	0.037	0.046	0.035	0.041	0.039	0.055	0.046	0.036	0.054	0.065
278.00	0.008	0.045	0.037	0.045	0.034	0.040	0.039	0.055	0.045	0.035	0.053	0.064
279.00	0.008	0.044	0.036	0.044	0.034	0.039	0.038	0.054	0.044	0.035	0.053	0.063
280.00	0.008	0.043	0.035	0.044	0.033	0.039	0.038	0.054	0.043	0.035	0.052	0.062
281.00	0.008	0.043	0.035	0.043	0.032	0.038	0.037	0.053	0.043	0.034	0.051	0.061
282.00	0.008	0.042	0.034	0.042	0.032	0.037	0.037	0.052	0.042	0.034	0.050	0.061
283.00	0.008	0.041	0.033	0.042	0.031	0.037	0.037	0.052	0.041	0.034	0.050	0.060
284.00	0.008	0.041	0.033	0.041	0.030	0.036	0.036	0.051	0.041	0.033	0.049	0.059
285.00	0.008	0.040	0.032	0.040	0.030	0.036	0.036	0.051	0.040	0.033	0.048	0.058
286.00	0.007	0.039	0.032	0.040	0.029	0.035	0.035	0.050	0.039	0.032	0.047	0.057
287.00	0.007	0.039	0.031	0.039	0.028	0.034	0.035	0.050	0.039	0.032	0.047	0.056
288.00	0.007	0.038	0.030	0.038	0.028	0.033	0.035	0.049	0.038	0.032	0.046	0.055
289.00	0.007	0.037	0.029	0.037	0.027	0.033	0.034	0.048	0.037	0.031	0.045	0.054
290.00	0.007	0.037	0.029	0.037	0.026	0.032	0.034	0.047	0.037	0.031	0.044	0.053
291.00	0.007	0.036	0.028	0.036	0.026	0.032	0.033	0.047	0.036	0.031	0.043	0.052
292.00	0.007	0.036	0.028	0.036	0.025	0.031	0.033	0.046	0.035	0.030	0.043	0.051
293.00	0.007	0.035	0.027	0.035	0.025	0.031	0.033	0.046	0.035	0.030	0.042	0.051
294.00	0.007	0.034	0.027	0.034	0.024	0.030	0.032	0.045	0.034	0.029	0.041	0.050
295.00	0.007	0.034	0.026	0.034	0.024	0.030	0.032	0.045	0.033	0.029	0.041	0.049
296.00	0.007	0.033	0.026	0.033	0.023	0.029	0.031	0.044	0.033	0.029	0.040	0.048
297.00	0.007	0.033	0.025	0.032	0.023	0.028	0.031	0.044	0.032	0.028	0.039	0.048
298.00	0.007	0.032	0.024	0.032	0.022	0.028	0.031	0.043	0.032	0.028	0.038	0.047
299.00	0.007	0.032	0.024	0.031	0.022	0.027	0.030	0.042	0.031	0.027	0.038	0.046
300.00	0.007	0.031	0.024	0.031	0.022	0.027	0.030	0.042	0.031	0.027	0.037	0.046
301.00	0.007	0.031	0.023	0.030	0.021	0.027	0.030	0.042	0.030	0.027	0.036	0.045
302.00	0.007	0.030	0.023	0.030	0.021	0.026	0.029	0.041	0.030	0.026	0.036	0.044
303.00	0.007	0.030	0.023	0.029	0.020	0.025	0.029	0.041	0.029	0.026	0.035	0.044
304.00	0.007	0.029	0.022	0.029	0.020	0.025	0.028	0.040	0.029	0.026	0.034	0.043
305.00	0.007	0.029	0.022	0.028	0.019	0.024	0.028	0.039	0.028	0.025	0.033	0.042
306.00	0.006	0.028	0.021	0.027	0.019	0.024	0.028	0.038	0.027	0.025	0.033	0.041
307.00	0.007	0.028	0.021	0.027	0.019	0.023	0.027	0.038	0.027	0.025	0.032	0.041
308.00	0.007	0.027	0.020	0.027	0.018	0.023	0.027	0.038	0.027	0.025	0.032	0.041
309.00	0.007	0.027	0.020	0.027	0.018	0.023	0.027	0.037	0.027	0.024	0.031	0.040
310.00	0.007	0.027	0.020	0.026	0.018	0.022	0.026	0.037	0.026	0.024	0.031	0.040
311.00	0.006	0.026	0.019	0.026	0.017	0.022	0.026	0.036	0.025	0.023	0.030	0.039
312.00	0.006	0.026	0.019	0.025	0.017	0.022	0.025	0.036	0.025	0.023	0.030	0.038
313.00	0.006	0.025	0.019	0.025	0.017	0.021	0.025	0.035	0.025	0.023	0.029	0.038
314.00	0.006	0.025	0.018	0.024	0.017	0.021	0.025	0.035	0.024	0.023	0.028	0.037
315.00	0.006	0.025	0.018	0.024	0.016	0.021	0.025	0.035	0.024	0.023	0.028	0.037
316.00	0.006	0.024	0.018	0.024	0.016	0.020	0.024	0.034	0.023	0.022	0.028	0.036
317.00	0.006	0.024	0.017	0.023	0.016	0.020	0.024	0.034	0.023	0.022	0.027	0.036
318.00	0.006	0.024	0.017	0.023	0.016	0.020	0.024	0.033	0.023	0.022	0.027	0.035
319.00	0.006	0.024	0.017	0.023	0.015	0.020	0.024	0.033	0.023	0.022	0.027	0.035
320.00	0.006	0.023	0.017	0.022	0.015	0.019	0.023	0.033	0.022	0.021	0.026	0.035
321.00	0.006	0.023	0.017	0.022	0.015	0.019	0.023	0.032	0.022	0.021	0.026	0.034
322.00	0.006	0.022	0.016	0.022	0.015	0.018	0.022	0.032	0.021	0.021	0.025	0.034
323.00	0.006	0.022	0.016	0.022	0.015	0.019	0.022	0.031	0.021	0.021	0.025	0.033
324.00	0.006	0.022	0.016	0.021	0.014	0.018	0.022	0.031	0.021	0.021	0.025	0.033
325.00	0.006	0.021	0.016	0.021	0.014	0.018	0.022	0.031	0.021	0.020	0.025	0.032
326.00	0.005	0.021	0.015	0.020	0.014	0.017	0.022	0.030	0.020	0.020	0.024	0.032
327.00	0.005	0.021	0.015	0.020	0.014	0.017	0.022	0.030	0.020	0.020	0.023	0.032
328.00	0.006	0.021	0.015	0.020	0.014	0.017	0.021	0.030	0.020	0.019	0.023	0.031
329.00	0.006	0.020	0.015	0.020	0.013	0.017	0.021	0.029	0.019	0.019	0.023	0.031
330.00	0.005	0.020	0.014	0.020	0.013	0.017	0.021	0.029	0.019	0.019	0.023	0.031
331.00	0.005	0.020	0.014	0.019	0.013	0.016	0.020	0.029	0.019	0.019	0.023	0.030
332.00	0.005	0.020	0.014	0.019	0.013	0.016	0.020	0.028	0.019	0.019	0.022	0.030
333.00	0.006	0.020	0.014	0.019	0.013	0.016	0.020	0.028	0.018	0.018	0.022	0.030
334.00	0.006	0.019	0.014	0.019	0.013	0.016	0.020	0.028	0.018	0.018	0.022	0.029
335.00	0.006	0.019	0.014	0.019	0.013	0.016	0.020	0.028	0.018	0.018	0.022	0.029
336.00	0.005	0.019	0.013	0.018	0.012	0.015	0.019	0.027	0.018	0.018	0.021	0.028
337.00	0.005	0.018	0.013	0.018	0.012	0.015	0.019	0.027	0.018	0.018	0.021	0.028
338.00	0.005	0.018	0.013	0.018	0.012	0.015	0.019	0.027	0.017	0.017	0.021	0.028
339.00	0.006	0.019	0.013	0.018	0.012	0.015	0.020	0.027	0.018	0.018	0.021	0.028
340.00	0.007	0.019	0.014	0.019	0.013	0.016	0.020	0.027	0.018	0.019	0.022	0.029
341.00	0.005	0.018	0.013	0.018	0.012	0.015	0.019	0.026	0.017	0.018	0.020	0.027
342.00	0.005	0.017	0.012	0.017	0.011	0.014	0.018	0.025	0.017	0.017	0.020	0.027
343.00	0.005	0.017	0.012	0.017	0.012	0.014	0.018	0.025	0.017	0.017	0.020	0.026
344.00	0.005	0.017	0.012	0.016	0.011	0.014	0.018	0.025	0.016	0.017	0.019	0.026
345.00	0.005	0.017	0.012	0.016	0.011	0.014	0.018	0.024	0.016	0.016	0.019	0.026
346.00	0.005	0.017	0.012	0.016	0.011	0.014	0.018	0.024	0.016	0.016	0.019	0.025
347.00	0.005	0.017	0.012	0.016	0.011	0.013	0.017	0.024	0.016	0.016	0.019	0.025
348.00	0.005	0.016	0.012	0.016	0.011	0.013	0.017	0.024	0.015	0.016	0.018	0.025
349.00	0.005	0.016	0.011	0.016	0.010	0.013	0.017	0.023	0.015	0.016	0.018	0.024
350.00	0.005	0.016	0.011	0.015	0.010	0.013	0.017	0.023	0.015	0.015	0.018	0.024
351.00	0.005	0.016	0.011	0.015	0.010	0.012	0.017	0.022	0.014	0.015	0.017	0.024
352.00	0.005	0.016	0.011	0.015	0.010	0.012	0.017	0.022	0.014	0.015	0.018	0.024
353.00	0.005	0.015	0.011	0.015	0.010	0.012	0.016	0.022	0.014	0.015	0.017	0.023
354.00	0.005	0.015	0.010	0.014	0.010	0.012	0.016	0.022	0.014	0.014	0.017	0.023
355.00	0.005	0.015	0.010	0.014	0.010	0.012	0.016	0.022	0.014	0.014	0.016	0.023
356.00	0.004	0.015	0.010	0.014	0.010	0.011	0.015	0.021	0.013	0.014	0.016	0.022
357.00	0.005	0.015	0.010	0.014	0.009	0.011	0.015	0.021	0.013	0.014	0.016	0.022
358.00	0.004	0.014	0.010	0.014	0.009	0.011	0.015	0.021	0.013	0.014	0.016	0.022
359.00	0.004	0.014	0.010	0.013	0.009	0.011	0.015	0.020	0.013	0.014	0.015	0.022
360.00	0.004	0.014	0.010	0.013	0.009	0.011	0.015	0.020	0.013	0.014	0.015	0.022
361.00	0.004	0.014	0.010	0.013	0.009	0.010	0.015	0.020	0.013	0.013	0.015	0.021
362.00	0.004	0.013	0.009	0.013	0.008	0.010	0.014	0.019	0.012	0.013	0.015	0.021
363.00	0.004	0.013	0.009	0.013	0.009	0.010	0.014	0.020	0.012	0.013	0.015	0.020
364.00	0.004	0.013	0.009	0.012	0.008	0.010	0.014	0.019	0.012	0.013	0.015	0.020
365.00	0.004	0.013	0.009	0.012	0.008	0.010	0.014	0.019	0.012	0.013	0.015	0.020
366.00	0.004	0.013	0.009	0.012	0.008	0.010	0.014	0.019	0.012	0.013	0.014	0.020
367.00	0.004	0.013	0.009	0.012	0.008	0.009	0.014	0.019	0.012	0.012	0.014	0.020
368.00	0.004	0.012	0.008	0.012	0.008	0.009	0.013	0.018	0.011	0.012	0.014	0.019
369.00	0.004	0.012	0.008	0.011	0.008	0.009	0.013	0.018	0.011	0.012	0.013	0.019
370.00	0.004	0.012	0.008	0.011	0.008	0.009	0.013	0.018	0.011	0.012	0.013	0.019
371.00	0.004	0.012	0.008	0.011	0.007	0.009	0.013	0.017	0.011	0.011	0.013	0.018
372.00	0.004	0.012	0.008	0.011	0.008	0.009	0.012	0.017	0.011	0.011	0.013	0.018
373.00	0.003	0.012	0.008	0.011	0.007	0.009	0.012	0.017	0.010	0.011	0.013	0.018
374.00	0.003	0.011	0.008	0.011	0.007	0.009	0.012	0.017	0.010	0.011	0.013	0.018
375.00	0.003	0.011	0.008	0.010	0.007	0.008	0.012	0.017	0.010	0.011	0.012	0.018
376.00	0.003	0.011	0.008	0.010	0.007	0.008	0.012	0.017	0.010	0.011	0.012	0.017
377.00	0.003	0.011	0.007	0.010	0.007	0.008	0.012	0.017	0.010	0.011	0.012	0.017
378.00	0.003	0.011	0.007	0.010	0.007	0.008	0.012	0.016	0.010	0.011	0.012	0.017
379.00	0.003	0.011	0.007	0.010	0.007	0.008	0.012	0.016	0.010	0.010	0.012	0.017
380.00	0.003	0.011	0.007	0.010	0.007	0.008	0.011	0.016	0.010	0.010	0.012	0.017
381.00	0.003	0.011	0.007	0.010	0.007	0.008	0.011	0.016	0.009	0.010	0.012	0.016
382.00	0.003	0.010	0.007	0.009	0.007	0.008	0.011	0.016	0.009	0.010	0.011	0.016
383.00	0.003	0.010	0.007	0.009	0.007	0.008	0.011	0.016	0.009	0.010	0.011	0.016
384.00	0.003	0.010	0.007	0.009	0.007	0.007	0.011	0.015	0.009	0.010	0.011	0.016
385.00	0.003	0.010	0.007	0.009	0.007	0.007	0.011	0.015	0.009	0.010	0.011	0.015
386.00	0.003	0.010	0.007	0.009	0.007	0.007	0.011	0.015	0.009	0.010	0.011	0.015
387.00	0.003	0.010	0.006	0.009	0.006	0.007	0.010	0.015	0.008	0.010	0.011	0.015
388.00	0.003	0.009	0.006	0.008	0.006	0.007	0.010	0.014	0.008	0.009	0.010	0.015
389.00	0.003	0.009	0.006	0.008	0.006	0.007	0.010	0.014	0.008	0.009	0.010	0.014
390.00	0.003	0.009	0.006	0.008	0.006	0.007	0.010	0.014	0.008	0.009	0.010	0.014
391.00	0.003	0.009	0.006	0.008	0.006	0.007	0.010	0.014	0.008	0.009	0.010	0.014
392.00	0.003	0.009	0.006	0.008	0.006	0.007	0.010	0.014	0.008	0.009	0.010	0.014
393.00	0.003	0.009	0.006	0.008	0.006	0.006	0.010	0.014	0.008	0.009	0.010	0.014
394.00	0.003	0.009	0.006	0.008	0.006	0.006	0.010	0.014	0.008	0.009	0.010	0.014
395.00	0.002	0.009	0.006	0.008	0.006	0.006	0.010	0.013	0.007	0.009	0.009	0.013
396.00	0.003	0.009	0.006	0.008	0.006	0.006	0.009	0.013	0.007	0.009	0.009	0.013
397.00	0.002	0.009	0.006	0.008	0.006	0.006	0.009	0.013	0.007	0.009	0.009	0.013
398.00	0.002	0.009	0.006	0.007	0.005	0.006	0.009	0.013	0.007	0.008	0.009	0.013
399.00	0.002	0.008	0.005	0.007	0.005	0.006	0.009	0.013	0.007	0.008	0.009	0.013
400.00	0.002	0.008	0.005	0.007	0.005	0.006	0.009	0.013	0.007	0.008	0.009	0.013
401.00	0.002	0.008	0.005	0.007	0.005	0.006	0.009	0.012	0.007	0.008	0.009	0.012
402.00	0.002	0.008	0.005	0.007	0.005	0.006	0.009	0.012	0.007	0.008	0.009	0.012
403.00	0.002	0.008	0.005	0.007	0.005	0.006	0.009	0.012	0.007	0.008	0.009	0.012
404.00	0.002	0.008	0.005	0.007	0.005	0.005	0.009	0.012	0.007	0.008	0.008	0.012
405.00	0.002	0.008	0.005	0.007	0.005	0.005	0.008	0.012	0.007	0.008	0.008	0.012
406.00	0.002	0.008	0.005	0.007	0.005	0.005	0.008	0.012	0.006	0.008	0.008	0.012
407.00	0.002	0.008	0.005	0.007	0.005	0.005	0.008	0.012	0.006	0.008	0.008	0.011
408.00	0.002	0.008	0.005	0.007	0.005	0.005	0.008	0.012	0.006	0.008	0.008	0.011
409.00	0.002	0.008	0.005	0.006	0.005	0.005	0.008	0.011	0.006	0.007	0.008	0.011
410.00	0.002	0.007	0.005	0.006	0.005	0.005	0.008	0.011	0.006	0.007	0.008	0.011
411.00	0.002	0.007	0.005	0.006	0.005	0.005	0.008	0.011	0.006	0.007	0.008	0.011
412.00	0.002	0.007	0.004	0.006	0.005	0.005	0.008	0.011	0.006	0.007	0.008	0.011
413.00	0.002	0.007	0.004	0.006	0.004	0.005	0.008	0.011	0.006	0.007	0.007	0.011
414.00	0.002	0.007	0.004	0.006	0.005	0.005	0.008	0.011	0.006	0.007	0.007	0.010
415.00	0.002	0.007	0.004	0.006	0.005	0.005	0.008	0.011	0.006	0.007	0.007	0.010
416.00	0.002	0.007	0.004	0.006	0.004	0.005	0.007	0.011	0.006	0.007	0.007	0.010
417.00	0.002	0.007	0.004	0.006	0.004	0.004	0.007	0.010	0.005	0.007	0.007	0.010
418.00	0.002	0.007	0.004	0.006	0.004	0.004	0.007	0.010	0.005	0.007	0.007	0.010
419.00	0.002	0.007	0.004	0.005	0.004	0.004	0.007	0.010	0.005	0.007	0.007	0.010
420.00	0.002	0.007	0.004	0.005	0.004	0.004	0.007	0.010	0.005	0.007	0.007	0.010
421.00	0.002	0.007	0.004	0.005	0.004	0.004	0.007	0.010	0.005	0.006	0.007	0.009
422.00	0.001	0.006	0.004	0.005	0.004	0.004	0.007	0.010	0.005	0.006	0.006	0.009
423.00	0.001	0.006	0.004	0.005	0.004	0.004	0.007	0.010	0.005	0.006	0.006	0.009
424.00	0.001	0.006	0.004	0.005	0.004	0.004	0.007	0.010	0.005	0.006	0.006	0.009
425.00	0.001	0.006	0.003	0.005	0.004	0.004	0.007	0.009	0.005	0.006	0.006	0.009
426.00	0.001	0.006	0.003	0.005	0.004	0.004	0.006	0.009	0.005	0.006	0.006	0.009
427.00	0.001	0.006	0.003	0.005	0.004	0.004	0.006	0.009	0.005	0.006	0.006	0.009
428.00	0.001	0.006	0.003	0.005	0.004	0.004	0.006	0.009	0.005	0.006	0.006	0.009
429.00	0.001	0.006	0.003	0.005	0.004	0.004	0.006	0.009	0.004	0.006	0.006	0.008
430.00	0.001	0.006	0.003	0.005	0.004	0.004	0.006	0.009	0.005	0.006	0.006	0.008
431.00	0.001	0.006	0.003	0.005	0.004	0.004	0.006	0.009	0.004	0.006	0.006	0.008
432.00	0.001	0.006	0.003	0.005	0.004	0.003	0.006	0.009	0.004	0.006	0.006	0.008
433.00	0.001	0.006	0.003	0.004	0.004	0.003	0.006	0.009	0.004	0.006	0.006	0.008
434.00	0.001	0.006	0.003	0.004	0.004	0.003	0.006	0.009	0.004	0.006	0.006	0.008
435.00	0.001	0.006	0.003	0.004	0.004	0.003	0.006	0.009	0.004	0.006	0.006	0.008
436.00	0.001	0.006	0.003	0.004	0.004	0.003	0.006	0.009	0.004	0.006	0.006	0.008
437.00	0.001	0.005	0.003	0.004	0.003	0.003	0.006	0.008	0.004	0.006	0.005	0.008
438.00	0.001	0.005	0.003	0.004	0.003	0.003	0.006	0.008	0.004	0.006	0.005	0.008
439.00	0.001	0.005	0.003	0.004	0.003	0.003	0.006	0.008	0.004	0.005	0.005	0.007
440.00	0.001	0.005	0.003	0.004	0.004	0.003	0.006	0.008	0.004	0.005	0.005	0.007
441.00	0.001	0.005	0.003	0.004	0.004	0.003	0.006	0.008	0.004	0.006	0.005	0.007
442.00	0.001	0.005	0.003	0.004	0.003	0.003	0.006	0.008	0.004	0.005	0.005	0.007
443.00	0.001	0.005	0.003	0.004	0.003	0.003	0.005	0.008	0.004	0.005	0.005	0.007
444.00	0.001	0.005	0.003	0.004	0.003	0.003	0.005	0.008	0.004	0.005	0.005	0.007
445.00	0.001	0.005	0.003	0.004	0.003	0.003	0.005	0.008	0.004	0.005	0.005	0.007
446.00	0.001	0.005	0.003	0.004	0.003	0.003	0.005	0.008	0.004	0.005	0.005	0.007
447.00	0.001	0.005	0.003	0.004	0.003	0.003	0.005	0.008	0.004	0.005	0.005	0.007
448.00	0.001	0.005	0.003	0.004	0.003	0.003	0.005	0.008	0.004	0.005	0.005	0.007
449.00	0.001	0.005	0.003	0.004	0.003	0.003	0.005	0.008	0.004	0.005	0.005	0.007
450.00	0.001	0.005	0.003	0.004	0.003	0.003	0.005	0.008	0.003	0.005	0.005	0.007
451.00	0.001	0.005	0.003	0.004	0.003	0.003	0.005	0.008	0.003	0.005	0.005	0.007
452.00	0.001	0.005	0.003	0.004	0.003	0.003	0.005	0.008	0.003	0.005	0.005	0.007
453.00	0.001	0.005	0.003	0.004	0.003	0.003	0.005	0.007	0.003	0.005	0.005	0.006
454.00	0.001	0.005	0.003	0.004	0.003	0.003	0.005	0.007	0.003	0.005	0.005	0.006
455.00	0.001	0.005	0.003	0.004	0.003	0.003	0.005	0.007	0.003	0.005	0.005	0.006
456.00	0.001	0.005	0.002	0.004	0.003	0.003	0.005	0.007	0.003	0.005	0.004	0.006
457.00	0.001	0.005	0.002	0.003	0.003	0.003	0.005	0.007	0.003	0.005	0.004	0.006
458.00	0.001	0.004	0.002	0.003	0.003	0.002	0.005	0.007	0.003	0.005	0.004	0.006
459.00	0.001	0.004	0.003	0.003	0.003	0.002	0.005	0.007	0.003	0.005	0.004	0.006
460.00	0.001	0.004	0.002	0.003	0.003	0.002	0.005	0.007	0.003	0.005	0.004	0.006
461.00	0.001	0.004	0.002	0.003	0.003	0.002	0.005	0.007	0.003	0.005	0.004	0.006
462.00	0.001	0.004	0.002	0.003	0.003	0.002	0.005	0.007	0.003	0.005	0.004	0.006
463.00	0.001	0.004	0.002	0.003	0.003	0.002	0.005	0.007	0.003	0.005	0.004	0.006
464.00	0.001	0.004	0.002	0.003	0.003	0.002	0.005	0.007	0.003	0.005	0.004	0.006
465.00	0.001	0.004	0.002	0.003	0.003	0.002	0.005	0.007	0.003	0.005	0.004	0.006
466.00	0.001	0.004	0.002	0.003	0.003	0.002	0.005	0.007	0.003	0.005	0.004	0.006
467.00	0.001	0.004	0.002	0.003	0.003	0.002	0.005	0.007	0.003	0.004	0.004	0.006
468.00	0.001	0.004	0.002	0.003	0.003	0.002	0.005	0.007	0.003	0.004	0.004	0.006
469.00	0.001	0.004	0.002	0.003	0.003	0.002	0.005	0.007	0.003	0.004	0.004	0.006
470.00	0.001	0.004	0.002	0.003	0.003	0.002	0.005	0.007	0.003	0.004	0.004	0.006
471.00	0.001	0.004	0.002	0.003	0.003	0.002	0.004	0.007	0.003	0.004	0.004	0.006
472.00	0.001	0.004	0.002	0.003	0.003	0.002	0.004	0.007	0.003	0.004	0.004	0.005
473.00	0.001	0.004	0.002	0.003	0.003	0.002	0.004	0.006	0.003	0.004	0.004	0.005
474.00	0.001	0.004	0.002	0.003	0.003	0.002	0.004	0.007	0.003	0.004	0.004	0.005
475.00	0.001	0.004	0.002	0.003	0.003	0.002	0.004	0.006	0.003	0.004	0.004	0.005
476.00	0.001	0.004	0.002	0.003	0.003	0.002	0.004	0.006	0.003	0.004	0.004	0.005
477.00	0.001	0.004	0.002	0.003	0.003	0.002	0.004	0.006	0.003	0.004	0.004	0.005
478.00	0.001	0.004	0.002	0.003	0.003	0.002	0.004	0.006	0.003	0.004	0.004	0.005
479.00	0.001	0.004	0.002	0.003	0.003	0.002	0.004	0.006	0.003	0.004	0.004	0.005
480.00	0.001	0.004	0.002	0.003	0.003	0.002	0.004	0.006	0.003	0.004	0.004	0.005
481.00	0.001	0.004	0.002	0.003	0.003	0.002	0.004	0.006	0.003	0.004	0.003	0.005
482.00	0.001	0.004	0.002	0.003	0.002	0.002	0.004	0.006	0.003	0.004	0.003	0.005
483.00	0.001	0.004	0.002	0.003	0.002	0.002	0.004	0.006	0.003	0.004	0.003	0.005
484.00	0.000	0.003	0.002	0.003	0.002	0.002	0.004	0.006	0.003	0.004	0.003	0.005
485.00	0.001	0.004	0.002	0.003	0.002	0.002	0.004	0.006	0.003	0.004	0.003	0.005
486.00	0.001	0.004	0.002	0.003	0.002	0.002	0.004	0.006	0.003	0.004	0.003	0.005
487.00	0.001	0.004	0.002	0.003	0.002	0.002	0.004	0.006	0.003	0.004	0.003	0.005
488.00	0.001	0.003	0.002	0.003	0.002	0.002	0.004	0.006	0.003	0.004	0.003	0.005
489.00	0.001	0.003	0.002	0.003	0.002	0.002	0.004	0.006	0.002	0.004	0.003	0.005
490.00	0.001	0.003	0.002	0.003	0.002	0.002	0.004	0.006	0.002	0.004	0.003	0.005
491.00	0.001	0.003	0.002	0.003	0.002	0.002	0.004	0.006	0.002	0.004	0.003	0.005
492.00	0.000	0.003	0.002	0.003	0.002	0.002	0.004	0.006	0.002	0.004	0.003	0.005
493.00	0.000	0.003	0.002	0.002	0.002	0.002	0.004	0.006	0.002	0.004	0.003	0.005
494.00	0.000	0.003	0.002	0.002	0.002	0.002	0.004	0.006	0.002	0.004	0.003	0.005
495.00	0.001	0.003	0.002	0.003	0.002	0.002	0.004	0.006	0.002	0.004	0.003	0.005
496.00	0.000	0.003	0.002	0.002	0.002	0.001	0.004	0.006	0.002	0.004	0.003	0.004
497.00	0.001	0.003	0.002	0.002	0.002	0.002	0.004	0.006	0.002	0.004	0.003	0.005
498.00	0.000	0.003	0.002	0.002	0.002	0.001	0.004	0.006	0.002	0.003	0.003	0.004
499.00	0.000	0.003	0.002	0.002	0.002	0.001	0.004	0.006	0.002	0.004	0.003	0.004
500.00	0.000	0.003	0.002	0.002	0.002	0.001	0.004	0.006	0.002	0.003	0.003	0.004
501.00	0.000	0.003	0.002	0.002	0.002	0.001	0.004	0.005	0.002	0.003	0.003	0.004
502.00	0.000	0.003	0.002	0.002	0.002	0.001	0.004	0.005	0.002	0.003	0.003	0.004
503.00	0.000	0.003	0.002	0.002	0.002	0.001	0.004	0.005	0.002	0.003	0.003	0.004
504.00	0.000	0.003	0.002	0.002	0.002	0.001	0.004	0.005	0.002	0.003	0.003	0.004
505.00	0.000	0.003	0.001	0.002	0.002	0.001	0.004	0.005	0.002	0.003	0.003	0.004
506.00	0.000	0.003	0.001	0.002	0.002	0.001	0.003	0.005	0.002	0.003	0.003	0.004
507.00	0.000	0.003	0.001	0.002	0.002	0.001	0.003	0.005	0.002	0.003	0.003	0.004
508.00	0.000	0.003	0.001	0.002	0.002	0.001	0.003	0.005	0.002	0.003	0.003	0.004
509.00	0.000	0.003	0.001	0.002	0.002	0.001	0.003	0.005	0.002	0.003	0.003	0.004
510.00	0.000	0.003	0.001	0.002	0.002	0.001	0.003	0.005	0.002	0.003	0.003	0.004
511.00	0.000	0.003	0.001	0.002	0.002	0.001	0.003	0.005	0.002	0.003	0.003	0.004
512.00	0.000	0.003	0.001	0.002	0.002	0.001	0.003	0.005	0.002	0.003	0.003	0.004
513.00	0.000	0.003	0.001	0.002	0.002	0.001	0.003	0.005	0.002	0.003	0.003	0.004
514.00	0.000	0.003	0.001	0.002	0.002	0.001	0.003	0.005	0.002	0.003	0.002	0.004
515.00	0.000	0.003	0.001	0.002	0.002	0.001	0.003	0.005	0.002	0.003	0.003	0.004
516.00	0.000	0.003	0.001	0.002	0.002	0.001	0.003	0.005	0.002	0.003	0.002	0.004
517.00	0.000	0.003	0.001	0.002	0.002	0.001	0.003	0.005	0.002	0.003	0.002	0.004
518.00	0.000	0.003	0.001	0.002	0.002	0.001	0.003	0.005	0.002	0.003	0.002	0.004
519.00	0.000	0.003	0.001	0.002	0.002	0.001	0.003	0.005	0.002	0.003	0.002	0.004
520.00	0.000	0.002	0.001	0.002	0.002	0.001	0.003	0.005	0.002	0.003	0.002	0.004
521.00	0.000	0.002	0.001	0.002	0.002	0.001	0.003	0.005	0.002	0.003	0.002	0.004
522.00	0.000	0.002	0.001	0.002	0.002	0.001	0.003	0.005	0.002	0.003	0.002	0.004
523.00	0.000	0.002	0.001	0.002	0.002	0.001	0.003	0.005	0.002	0.003	0.002	0.003
524.00	0.000	0.002	0.001	0.002	0.002	0.001	0.003	0.005	0.002	0.003	0.002	0.003
525.00	0.000	0.002	0.001	0.002	0.002	0.001	0.003	0.005	0.002	0.003	0.002	0.003
526.00	0.000	0.002	0.001	0.002	0.002	0.001	0.003	0.005	0.002	0.003	0.002	0.003
527.00	0.000	0.002	0.001	0.002	0.002	0.001	0.003	0.005	0.002	0.003	0.002	0.003
528.00	0.000	0.002	0.001	0.002	0.002	0.001	0.003	0.005	0.002	0.003	0.002	0.003
529.00	0.000	0.002	0.001	0.002	0.002	0.001	0.003	0.005	0.002	0.003	0.002	0.003
530.00	0.000	0.002	0.001	0.002	0.002	0.001	0.003	0.005	0.002	0.003	0.002	0.003
531.00	0.000	0.002	0.001	0.002	0.002	0.001	0.003	0.005	0.002	0.003	0.002	0.003
532.00	0.000	0.002	0.001	0.002	0.002	0.001	0.003	0.004	0.002	0.003	0.002	0.003
533.00	0.000	0.002	0.001	0.002	0.002	0.001	0.003	0.005	0.002	0.003	0.002	0.003
534.00	0.000	0.002	0.001	0.002	0.002	0.001	0.003	0.005	0.001	0.003	0.002	0.003
535.00	0.000	0.002	0.001	0.002	0.002	0.001	0.003	0.005	0.002	0.003	0.002	0.003
536.00	0.001	0.003	0.002	0.003	0.003	0.002	0.004	0.005	0.002	0.004	0.003	0.004
537.00	0.000	0.002	0.001	0.002	0.002	0.001	0.003	0.005	0.002	0.003	0.002	0.003
538.00	0.000	0.002	0.001	0.002	0.002	0.001	0.003	0.004	0.002	0.003	0.002	0.003
539.00	-0.000	0.002	0.001	0.002	0.002	0.001	0.003	0.004	0.001	0.003	0.002	0.003
540.00	0.000	0.002	0.001	0.002	0.002	0.001	0.003	0.004	0.002	0.003	0.002	0.003
541.00	0.000	0.002	0.001	0.002	0.002	0.001	0.003	0.004	0.001	0.003	0.002	0.003
542.00	0.000	0.002	0.001	0.002	0.002	0.001	0.003	0.004	0.001	0.003	0.002	0.003
543.00	0.000	0.002	0.001	0.002	0.002	0.001	0.003	0.004	0.001	0.003	0.002	0.003
544.00	0.000	0.002	0.001	0.002	0.002	0.001	0.003	0.004	0.002	0.003	0.002	0.003
545.00	0.000	0.002	0.001	0.002	0.002	0.001	0.003	0.004	0.002	0.003	0.002	0.003
546.00	0.000	0.002	0.001	0.002	0.002	0.001	0.003	0.004	0.001	0.003	0.002	0.003
547.00	0.000	0.002	0.001	0.002	0.002	0.001	0.003	0.004	0.001	0.003	0.002	0.003
548.00	0.000	0.002	0.001	0.002	0.002	0.001	0.003	0.004	0.001	0.003	0.002	0.003
549.00	0.000	0.002	0.001	0.002	0.002	0.001	0.003	0.004	0.001	0.003	0.002	0.003
550.00	0.000	0.002	0.001	0.002	0.002	0.001	0.003	0.004	0.001	0.003	0.002	0.003
551.00	0.000	0.002	0.001	0.002	0.002	0.001	0.003	0.004	0.001	0.003	0.002	0.003
552.00	0.000	0.002	0.001	0.002	0.002	0.001	0.003	0.004	0.001	0.003	0.002	0.003
553.00	0.000	0.002	0.001	0.002	0.002	0.001	0.003	0.004	0.001	0.003	0.002	0.003
554.00	0.000	0.002	0.001	0.002	0.002	0.001	0.003	0.004	0.001	0.003	0.002	0.003
555.00	0.000	0.002	0.001	0.002	0.002	0.001	0.003	0.004	0.001	0.003	0.002	0.003
556.00	0.000	0.002	0.001	0.002	0.002	0.001	0.003	0.004	0.001	0.003	0.002	0.003
557.00	-0.000	0.002	0.001	0.002	0.002	0.001	0.003	0.004	0.001	0.003	0.002	0.003
558.00	0.000	0.002	0.001	0.001	0.002	0.001	0.003	0.004	0.001	0.003	0.002	0.003
559.00	0.000	0.002	0.001	0.002	0.002	0.001	0.003	0.004	0.001	0.003	0.002	0.003
560.00	0.000	0.002	0.001	0.002	0.002	0.001	0.003	0.004	0.001	0.003	0.002	0.003
561.00	0.000	0.002	0.001	0.002	0.002	0.001	0.003	0.004	0.001	0.003	0.002	0.003
562.00	0.000	0.002	0.001	0.001	0.002	0.001	0.003	0.004	0.001	0.003	0.002	0.003
563.00	0.000	0.002	0.001	0.002	0.002	0.001	0.003	0.004	0.001	0.003	0.002	0.003
564.00	0.000	0.002	0.001	0.002	0.002	0.001	0.003	0.004	0.001	0.003	0.002	0.003
565.00	0.000	0.002	0.001	0.002	0.002	0.001	0.003	0.004	0.001	0.003	0.002	0.003
566.00	0.000	0.002	0.001	0.002	0.002	0.001	0.003	0.004	0.001	0.003	0.002	0.003
567.00	0.000	0.002	0.001	0.001	0.002	0.001	0.003	0.004	0.001	0.003	0.002	0.003
568.00	0.000	0.002	0.001	0.001	0.002	0.001	0.003	0.004	0.001	0.003	0.002	0.003
569.00	-0.000	0.002	0.001	0.001	0.002	0.001	0.003	0.004	0.001	0.003	0.002	0.002
570.00	-0.000	0.002	0.001	0.002	0.002	0.001	0.003	0.004	0.001	0.003	0.002	0.003
571.00	0.000	0.002	0.001	0.002	0.002	0.001	0.003	0.004	0.001	0.003	0.002	0.003
572.00	0.000	0.002	0.001	0.002	0.002	0.001	0.003	0.004	0.001	0.003	0.002	0.003
573.00	0.000	0.002	0.001	0.002	0.002	0.001	0.003	0.004	0.001	0.003	0.002	0.003
574.00	0.000	0.002	0.001	0.002	0.002	0.001	0.003	0.004	0.001	0.003	0.002	0.003
575.00	0.000	0.002	0.001	0.002	0.002	0.001	0.003	0.004	0.001	0.003	0.002	0.003
576.00	0.000	0.002	0.001	0.002	0.002	0.001	0.003	0.004	0.001	0.003	0.002	0.003
577.00	0.000	0.002	0.001	0.002	0.002	0.001	0.003	0.004	0.001	0.003	0.002	0.003
578.00	0.000	0.002	0.001	0.001	0.002	0.001	0.003	0.004	0.001	0.003	0.002	0.003
579.00	0.000	0.002	0.001	0.001	0.002	0.001	0.003	0.004	0.001	0.003	0.002	0.003
580.00	0.000	0.002	0.001	0.002	0.002	0.001	0.003	0.004	0.001	0.003	0.002	0.002
581.00	0.000	0.002	0.001	0.002	0.002	0.001	0.003	0.004	0.001	0.003	0.002	0.002
582.00	0.000	0.002	0.001	0.002	0.002	0.001	0.003	0.004	0.001	0.003	0.002	0.003
583.00	0.000	0.002	0.001	0.002	0.002	0.001	0.003	0.004	0.001	0.003	0.002	0.003
584.00	0.000	0.002	0.001	0.002	0.002	0.001	0.003	0.004	0.001	0.003	0.002	0.003
585.00	0.000	0.002	0.001	0.002	0.002	0.001	0.003	0.004	0.001	0.003	0.002	0.002
586.00	-0.000	0.002	0.001	0.001	0.002	0.001	0.003	0.004	0.001	0.003	0.002	0.002
587.00	0.000	0.002	0.001	0.002	0.002	0.001	0.003	0.004	0.001	0.003	0.002	0.002
588.00	0.000	0.002	0.001	0.002	0.002	0.001	0.003	0.004	0.001	0.003	0.002	0.002
589.00	0.000	0.002	0.001	0.002	0.002	0.001	0.003	0.004	0.001	0.003	0.002	0.002
590.00	0.000	0.002	0.001	0.001	0.002	0.001	0.003	0.004	0.001	0.003	0.002	0.002
591.00	0.000	0.002	0.001	0.002	0.002	0.001	0.003	0.004	0.001	0.003	0.002	0.002
592.00	0.000	0.002	0.001	0.002	0.002	0.001	0.003	0.004	0.001	0.003	0.002	0.002
593.00	0.000	0.002	0.001	0.002	0.002	0.001	0.003	0.004	0.001	0.003	0.002	0.002
594.00	0.000	0.002	0.001	0.001	0.002	0.001	0.003	0.004	0.001	0.003	0.002	0.002
595.00	0.000	0.002	0.001	0.001	0.002	0.001	0.003	0.004	0.001	0.003	0.002	0.002
596.00	0.000	0.002	0.001	0.001	0.002	0.001	0.003	0.004	0.001	0.003	0.002	0.002
597.00	0.000	0.002	0.001	0.001	0.002	0.001	0.003	0.004	0.001	0.003	0.002	0.002
598.00	0.000	0.002	0.001	0.001	0.002	0.001	0.003	0.004	0.001	0.003	0.002	0.002
599.00	0.000	0.002	0.001	0.001	0.001	0.001	0.003	0.004	0.001	0.003	0.002	0.002
600.00	-0.000	0.002	0.001	0.001	0.001	0.001	0.003	0.004	0.001	0.002	0.002	0.002
601.00	-0.000	0.002	0.001	0.001	0.001	0.001	0.003	0.004	0.001	0.002	0.002	0.002
602.00	0.000	0.002	0.001	0.001	0.002	0.001	0.003	0.004	0.001	0.003	0.002	0.002
603.00	-0.000	0.002	0.001	0.001	0.001	0.001	0.003	0.004	0.001	0.003	0.002	0.002
604.00	-0.000	0.002	0.001	0.001	0.001	0.001	0.003	0.004	0.001	0.003	0.002	0.002
605.00	-0.000	0.002	0.001	0.001	0.001	0.001	0.003	0.004	0.001	0.003	0.002	0.002
606.00	-0.000	0.002	0.001	0.001	0.001	0.001	0.003	0.004	0.001	0.003	0.002	0.002
607.00	-0.000	0.002	0.001	0.001	0.001	0.001	0.003	0.004	0.001	0.003	0.002	0.002
608.00	-0.000	0.002	0.001	0.001	0.001	0.001	0.002	0.004	0.001	0.002	0.002	0.002
609.00	-0.000	0.002	0.001	0.001	0.001	0.001	0.003	0.003	0.001	0.002	0.002	0.002
610.00	0.000	0.002	0.001	0.001	0.001	0.001	0.003	0.004	0.001	0.003	0.002	0.002
611.00	-0.000	0.002	0.001	0.001	0.001	0.001	0.002	0.003	0.001	0.002	0.002	0.002
612.00	-0.000	0.002	0.001	0.001	0.001	0.001	0.002	0.003	0.001	0.002	0.002	0.002
613.00	-0.000	0.002	0.001	0.001	0.001	0.001	0.002	0.003	0.001	0.002	0.002	0.002
614.00	-0.000	0.002	0.001	0.001	0.001	0.001	0.002	0.003	0.001	0.002	0.002	0.002
615.00	-0.000	0.002	0.001	0.001	0.001	0.001	0.002	0.003	0.001	0.002	0.002	0.002
616.00	-0.000	0.002	0.001	0.001	0.001	0.001	0.002	0.003	0.001	0.002	0.002	0.002
617.00	-0.000	0.002	0.001	0.001	0.001	0.001	0.002	0.003	0.001	0.002	0.002	0.002
618.00	-0.000	0.002	0.001	0.001	0.001	0.001	0.002	0.003	0.001	0.002	0.002	0.002
619.00	-0.000	0.002	0.001	0.001	0.001	0.001	0.002	0.003	0.001	0.002	0.002	0.002
620.00	-0.000	0.002	0.001	0.001	0.001	0.001	0.002	0.003	0.001	0.002	0.002	0.002
621.00	-0.000	0.002	0.001	0.001	0.001	0.001	0.002	0.003	0.001	0.002	0.001	0.002
622.00	-0.000	0.002	0.001	0.001	0.001	0.001	0.002	0.003	0.001	0.002	0.002	0.002
623.00	-0.000	0.002	0.001	0.001	0.001	0.001	0.002	0.003	0.001	0.002	0.002	0.002
624.00	-0.000	0.002	0.001	0.001	0.001	0.001	0.002	0.003	0.001	0.002	0.002	0.002
625.00	-0.000	0.002	0.001	0.001	0.001	0.001	0.002	0.003	0.001	0.002	0.001	0.002
626.00	-0.000	0.002	0.001	0.001	0.001	0.001	0.002	0.003	0.001	0.002	0.001	0.002
627.00	-0.000	0.002	0.001	0.001	0.001	0.001	0.002	0.003	0.001	0.002	0.001	0.002
628.00	-0.000	0.002	0.001	0.001	0.001	0.001	0.002	0.003	0.001	0.002	0.001	0.002
629.00	-0.000	0.002	0.001	0.001	0.001	0.001	0.002	0.003	0.001	0.002	0.001	0.002
630.00	-0.000	0.002	0.001	0.001	0.001	0.000	0.002	0.003	0.001	0.002	0.001	0.002
631.00	-0.000	0.002	0.001	0.001	0.001	0.001	0.002	0.003	0.001	0.002	0.001	0.002
632.00	-0.000	0.002	0.001	0.001	0.001	0.001	0.002	0.003	0.001	0.002	0.001	0.002
633.00	-0.000	0.002	0.001	0.001	0.001	0.001	0.002	0.003	0.001	0.002	0.001	0.002
634.00	-0.000	0.002	0.001	0.001	0.001	0.001	0.002	0.003	0.001	0.002	0.001	0.002
635.00	-0.000	0.002	0.001	0.001	0.001	0.001	0.002	0.003	0.001	0.002	0.001	0.002
636.00	-0.000	0.002	0.000	0.001	0.001	0.000	0.002	0.003	0.001	0.002	0.001	0.002
637.00	-0.000	0.001	0.000	0.001	0.001	0.000	0.002	0.003	0.001	0.002	0.001	0.002
638.00	-0.000	0.001	0.000	0.001	0.001	0.000	0.002	0.003	0.001	0.002	0.001	0.002
639.00	-0.000	0.001	0.000	0.001	0.001	0.000	0.002	0.003	0.001	0.002	0.001	0.002
640.00	-0.000	0.001	0.000	0.001	0.001	0.000	0.002	0.003	0.001	0.002	0.001	0.002
641.00	-0.000	0.001	0.000	0.001	0.001	0.000	0.002	0.003	0.001	0.002	0.001	0.002
642.00	-0.000	0.001	0.000	0.001	0.001	0.000	0.002	0.003	0.001	0.002	0.001	0.002
643.00	-0.000	0.001	0.000	0.001	0.001	0.000	0.002	0.003	0.001	0.002	0.001	0.002
644.00	-0.000	0.001	0.000	0.001	0.001	0.000	0.002	0.003	0.001	0.002	0.001	0.002
645.00	-0.000	0.001	0.000	0.001	0.001	0.000	0.002	0.003	0.001	0.002	0.001	0.001
646.00	-0.000	0.001	0.000	0.001	0.001	0.000	0.002	0.003	0.001	0.002	0.001	0.002
647.00	-0.000	0.001	0.000	0.001	0.001	0.000	0.002	0.003	0.001	0.002	0.001	0.002
648.00	-0.000	0.002	0.000	0.001	0.001	0.000	0.002	0.003	0.001	0.002	0.001	0.002
649.00	-0.000	0.001	0.000	0.001	0.001	0.000	0.002	0.003	0.001	0.002	0.001	0.002
650.00	-0.000	0.001	0.000	0.001	0.001	0.000	0.002	0.003	0.001	0.002	0.001	0.002
651.00	-0.000	0.002	0.000	0.001	0.001	0.000	0.002	0.003	0.001	0.002	0.001	0.002
652.00	-0.000	0.001	0.000	0.001	0.001	0.000	0.002	0.003	0.001	0.002	0.001	0.002
653.00	-0.000	0.001	0.000	0.001	0.001	0.000	0.002	0.003	0.001	0.002	0.001	0.002
654.00	-0.000	0.001	0.000	0.001	0.001	0.000	0.002	0.003	0.001	0.002	0.001	0.002
655.00	-0.000	0.001	0.000	0.001	0.001	0.000	0.002	0.003	0.001	0.002	0.001	0.002
656.00	-0.000	0.001	0.000	0.001	0.001	0.000	0.002	0.003	0.001	0.002	0.001	0.002
657.00	-0.000	0.001	0.000	0.001	0.001	0.000	0.002	0.003	0.001	0.002	0.001	0.002
658.00	-0.000	0.001	0.000	0.001	0.001	0.000	0.002	0.003	0.001	0.002	0.001	0.002
659.00	-0.000	0.001	0.000	0.001	0.001	0.000	0.002	0.003	0.001	0.002	0.001	0.002
660.00	-0.000	0.001	0.000	0.001	0.001	0.000	0.002	0.003	0.001	0.002	0.001	0.002
661.00	-0.000	0.001	0.000	0.001	0.001	0.000	0.002	0.003	0.001	0.002	0.001	0.002
662.00	-0.000	0.001	0.001	0.001	0.001	0.000	0.002	0.003	0.001	0.002	0.001	0.002
663.00	-0.000	0.001	0.001	0.001	0.001	0.000	0.002	0.003	0.001	0.002	0.001	0.002
664.00	-0.000	0.001	0.000	0.001	0.001	0.000	0.002	0.003	0.001	0.002	0.001	0.002
665.00	-0.000	0.001	0.000	0.001	0.001	0.000	0.002	0.003	0.001	0.002	0.001	0.001
666.00	-0.000	0.001	0.000	0.001	0.001	0.000	0.002	0.003	0.001	0.002	0.001	0.001
667.00	-0.000	0.001	0.000	0.001	0.001	0.000	0.002	0.003	0.001	0.002	0.001	0.001
668.00	-0.000	0.001	0.000	0.001	0.001	0.000	0.002	0.003	0.001	0.002	0.001	0.001
669.00	-0.000	0.001	0.000	0.001	0.001	0.000	0.002	0.003	0.001	0.002	0.001	0.002
670.00	-0.000	0.001	0.000	0.001	0.001	0.000	0.002	0.003	0.001	0.002	0.001	0.001
671.00	-0.000	0.001	0.000	0.001	0.001	0.000	0.002	0.003	0.001	0.002	0.001	0.001
672.00	-0.000	0.001	0.000	0.001	0.001	0.000	0.002	0.003	0.001	0.002	0.001	0.002
673.00	-0.000	0.001	0.000	0.001	0.001	0.000	0.002	0.003	0.001	0.002	0.001	0.001
674.00	-0.000	0.001	0.000	0.001	0.001	0.000	0.002	0.003	0.001	0.002	0.001	0.001
675.00	-0.000	0.001	0.000	0.001	0.001	0.000	0.002	0.003	0.001	0.002	0.001	0.001
676.00	-0.000	0.001	0.000	0.001	0.001	0.000	0.002	0.003	0.001	0.002	0.001	0.001
677.00	-0.000	0.001	0.000	0.001	0.001	0.000	0.002	0.003	0.001	0.002	0.001	0.001
678.00	-0.000	0.001	0.000	0.001	0.001	0.000	0.002	0.003	0.001	0.002	0.001	0.001
679.00	-0.000	0.001	0.000	0.001	0.001	0.000	0.002	0.003	0.001	0.002	0.001	0.001
680.00	-0.000	0.001	0.000	0.001	0.001	0.000	0.002	0.003	0.001	0.002	0.001	0.001
681.00	-0.000	0.001	0.000	0.001	0.001	0.000	0.002	0.003	0.001	0.002	0.001	0.001
682.00	-0.000	0.001	0.000	0.001	0.001	0.000	0.002	0.003	0.001	0.002	0.001	0.001
683.00	-0.000	0.001	0.000	0.001	0.001	0.000	0.002	0.003	0.001	0.002	0.001	0.001
684.00	-0.000	0.001	0.000	0.001	0.001	0.000	0.002	0.003	0.001	0.002	0.001	0.001
685.00	-0.000	0.001	0.001	0.001	0.001	0.000	0.002	0.003	0.001	0.002	0.001	0.001
686.00	-0.000	0.001	0.000	0.001	0.001	0.000	0.002	0.003	0.001	0.002	0.001	0.001
687.00	-0.000	0.001	0.000	0.001	0.001	0.000	0.002	0.003	0.001	0.002	0.001	0.001
688.00	-0.000	0.001	0.000	0.001	0.001	0.000	0.002	0.003	0.001	0.002	0.001	0.001
689.00	-0.000	0.001	0.000	0.001	0.001	0.000	0.002	0.003	0.001	0.002	0.001	0.001
690.00	-0.000	0.001	0.000	0.001	0.001	0.000	0.002	0.003	0.001	0.002	0.001	0.001
691.00	-0.000	0.001	0.000	0.001	0.001	0.000	0.002	0.003	0.001	0.002	0.001	0.001
692.00	-0.000	0.001	0.001	0.001	0.001	0.000	0.002	0.003	0.001	0.002	0.001	0.001
693.00	-0.000	0.001	0.001	0.001	0.001	0.000	0.002	0.003	0.001	0.002	0.001	0.001
694.00	-0.000	0.001	0.000	0.001	0.001	0.000	0.002	0.003	0.001	0.002	0.001	0.001
695.00	-0.000	0.001	0.000	0.001	0.001	0.000	0.002	0.003	0.001	0.002	0.001	0.001
696.00	-0.000	0.001	0.000	0.001	0.001	0.000	0.002	0.003	0.001	0.002	0.001	0.001
697.00	-0.000	0.001	0.000	0.001	0.001	0.000	0.002	0.003	0.001	0.002	0.001	0.001
698.00	-0.000	0.001	0.000	0.001	0.001	0.000	0.002	0.003	0.001	0.002	0.001	0.001
699.00	-0.000	0.001	0.000	0.001	0.001	0.000	0.002	0.003	0.001	0.002	0.001	0.001
700.00	-0.000	0.001	0.000	0.001	0.001	0.000	0.002	0.003	0.001	0.002	0.001	0.001
701.00	-0.000	0.001	0.000	0.001	0.001	0.000	0.002	0.003	0.001	0.002	0.001	0.001
702.00	-0.000	0.001	0.000	0.001	0.001	0.000	0.002	0.003	0.001	0.002	0.001	0.001
703.00	-0.000	0.001	0.000	0.001	0.001	0.000	0.002	0.003	0.001	0.002	0.001	0.001
704.00	-0.000	0.001	0.000	0.001	0.001	0.000	0.002	0.003	0.001	0.002	0.001	0.001
705.00	-0.000	0.001	0.000	0.001	0.001	0.000	0.002	0.003	0.001	0.002	0.001	0.001
706.00	-0.000	0.001	0.001	0.001	0.001	0.000	0.002	0.003	0.001	0.002	0.001	0.001
707.00	-0.000	0.001	0.000	0.001	0.001	0.000	0.002	0.003	0.001	0.002	0.001	0.001
708.00	-0.000	0.001	0.000	0.001	0.001	0.000	0.002	0.003	0.001	0.002	0.001	0.001
709.00	-0.000	0.001	0.000	0.001	0.001	0.000	0.002	0.003	0.001	0.002	0.001	0.001
710.00	-0.000	0.001	0.001	0.001	0.001	0.000	0.002	0.003	0.001	0.002	0.001	0.001
711.00	-0.000	0.001	0.000	0.001	0.001	0.000	0.002	0.003	0.001	0.002	0.001	0.001
712.00	-0.000	0.001	0.000	0.001	0.001	0.000	0.002	0.003	0.001	0.002	0.001	0.001
713.00	-0.000	0.001	0.000	0.001	0.001	0.000	0.002	0.003	0.001	0.002	0.001	0.001
714.00	-0.000	0.001	0.000	0.001	0.001	0.000	0.002	0.003	0.001	0.002	0.001	0.001
715.00	-0.000	0.001	0.000	0.001	0.001	0.000	0.002	0.003	0.001	0.002	0.001	0.001
716.00	-0.000	0.001	0.000	0.001	0.001	0.000	0.002	0.003	0.001	0.002	0.001	0.001
717.00	-0.000	0.001	0.000	0.001	0.001	0.000	0.002	0.003	0.001	0.002	0.001	0.001
718.00	-0.000	0.001	0.001	0.001	0.001	0.000	0.002	0.003	0.001	0.002	0.001	0.001
719.00	-0.000	0.001	0.001	0.001	0.001	0.000	0.002	0.003	0.001	0.002	0.001	0.001
720.00	-0.000	0.001	0.000	0.001	0.001	0.000	0.002	0.003	0.001	0.002	0.001	0.001
721.00	-0.000	0.001	0.001	0.001	0.001	0.000	0.002	0.003	0.001	0.002	0.001	0.001
722.00	-0.000	0.001	0.000	0.001	0.001	0.000	0.002	0.003	0.001	0.002	0.001	0.001
723.00	0.000	0.001	0.001	0.001	0.001	0.000	0.002	0.003	0.001	0.002	0.001	0.001
724.00	-0.000	0.001	0.000	0.001	0.001	0.000	0.002	0.003	0.001	0.002	0.001	0.001
725.00	-0.000	0.001	0.000	0.001	0.001	0.000	0.002	0.003	0.001	0.002	0.001	0.001
726.00	-0.000	0.001	0.000	0.001	0.001	0.000	0.002	0.003	0.001	0.002	0.001	0.001
727.00	-0.000	0.001	0.000	0.001	0.001	0.000	0.002	0.003	0.001	0.002	0.001	0.001
728.00	-0.000	0.001	0.000	0.001	0.001	0.000	0.002	0.003	0.001	0.002	0.001	0.001
729.00	-0.000	0.001	0.000	0.001	0.001	0.000	0.002	0.003	0.001	0.002	0.001	0.001
730.00	-0.000	0.001	0.000	0.001	0.001	0.000	0.002	0.003	0.001	0.002	0.001	0.001
731.00	-0.000	0.001	0.000	0.001	0.001	0.000	0.002	0.003	0.001	0.002	0.001	0.001
732.00	0.000	0.001	0.000	0.001	0.001	0.000	0.002	0.003	0.001	0.002	0.001	0.001
733.00	-0.000	0.001	0.000	0.001	0.001	0.000	0.002	0.003	0.001	0.002	0.001	0.001
734.00	0.000	0.001	0.000	0.001	0.001	0.000	0.002	0.003	0.001	0.002	0.001	0.001
735.00	0.000	0.001	0.000	0.001	0.001	0.000	0.002	0.003	0.001	0.002	0.001	0.001
736.00	-0.000	0.001	0.000	0.001	0.001	0.000	0.002	0.003	0.001	0.002	0.001	0.001
737.00	-0.000	0.001	0.000	0.001	0.001	0.000	0.002	0.003	0.001	0.002	0.001	0.001
738.00	-0.000	0.001	0.000	0.001	0.001	0.000	0.002	0.003	0.001	0.002	0.001	0.001
739.00	-0.000	0.001	0.000	0.001	0.001	0.000	0.002	0.003	0.001	0.002	0.001	0.001
740.00	0.000	0.001	0.000	0.001	0.001	0.000	0.002	0.003	0.001	0.002	0.001	0.001
741.00	0.000	0.001	0.000	0.001	0.001	0.000	0.002	0.003	0.001	0.002	0.001	0.001
742.00	0.000	0.001	0.000	0.001	0.001	0.000	0.002	0.003	0.001	0.002	0.001	0.001
743.00	0.000	0.001	0.000	0.001	0.001	0.000	0.002	0.003	0.001	0.002	0.001	0.001
744.00	0.000	0.001	0.000	0.001	0.001	0.000	0.002	0.003	0.001	0.002	0.001	0.001
745.00	0.000	0.001	0.000	0.001	0.001	0.000	0.002	0.003	0.001	0.002	0.001	0.001
746.00	0.000	0.001	0.000	0.001	0.001	0.000	0.002	0.003	0.001	0.002	0.001	0.001
747.00	-0.000	0.001	0.000	0.001	0.001	0.000	0.002	0.003	0.001	0.002	0.001	0.001
748.00	-0.000	0.001	0.000	0.001	0.001	0.000	0.002	0.003	0.001	0.002	0.001	0.001
749.00	-0.000	0.001	0.000	0.001	0.001	0.000	0.002	0.003	0.001	0.002	0.001	0.001
750.00	-0.000	0.001	0.000	0.001	0.001	0.000	0.002	0.003	0.001	0.002	0.001	0.001
751.00	-0.000	0.001	0.000	0.001	0.001	0.000	0.002	0.003	0.001	0.002	0.001	0.001
752.00	-0.000	0.001	0.000	0.001	0.001	0.000	0.002	0.003	0.001	0.002	0.001	0.001
753.00	0.000	0.001	0.000	0.001	0.001	0.000	0.002	0.003	0.001	0.002	0.001	0.001
754.00	-0.000	0.001	0.000	0.001	0.001	0.000	0.002	0.003	0.001	0.002	0.001	0.001
755.00	-0.000	0.001	0.000	0.001	0.001	0.000	0.002	0.003	0.001	0.002	0.001	0.001
756.00	-0.000	0.001	0.000	0.001	0.001	0.000	0.002	0.003	0.001	0.002	0.001	0.001
757.00	-0.000	0.001	0.000	0.001	0.001	0.000	0.002	0.003	0.001	0.002	0.001	0.001
758.00	-0.000	0.001	0.000	0.001	0.001	0.000	0.002	0.003	0.001	0.002	0.001	0.001
759.00	0.000	0.001	0.001	0.001	0.001	0.001	0.002	0.003	0.001	0.002	0.001	0.001
760.00	0.001	0.002	0.001	0.002	0.002	0.001	0.003	0.004	0.002	0.003	0.002	0.002
761.00	0.000	0.001	0.001	0.001	0.001	0.000	0.002	0.003	0.001	0.002	0.001	0.001
762.00	-0.000	0.001	0.000	0.001	0.001	0.000	0.002	0.003	0.001	0.002	0.001	0.001
763.00	-0.000	0.001	0.000	0.001	0.001	0.000	0.002	0.003	0.001	0.002	0.001	0.001
764.00	0.000	0.001	0.001	0.001	0.001	0.000	0.002	0.003	0.001	0.002	0.001	0.001
765.00	-0.000	0.001	0.001	0.001	0.001	0.000	0.002	0.003	0.001	0.002	0.001	0.001
766.00	-0.000	0.001	0.001	0.001	0.001	0.000	0.002	0.003	0.001	0.002	0.001	0.001
767.00	-0.000	0.001	0.000	0.001	0.001	0.000	0.002	0.003	0.001	0.002	0.001	0.001
768.00	-0.000	0.001	0.000	0.001	0.001	0.000	0.002	0.003	0.001	0.002	0.001	0.001
769.00	-0.000	0.001	0.000	0.001	0.001	0.000	0.002	0.003	0.001	0.002	0.001	0.001
770.00	-0.000	0.001	0.000	0.001	0.001	0.000	0.002	0.003	0.001	0.002	0.001	0.001
771.00	-0.000	0.001	0.000	0.001	0.001	0.000	0.002	0.003	0.001	0.002	0.001	0.001
772.00	-0.000	0.001	0.000	0.001	0.001	0.000	0.002	0.003	0.001	0.002	0.001	0.001
773.00	-0.000	0.001	0.001	0.001	0.001	0.000	0.002	0.003	0.001	0.002	0.001	0.001
774.00	-0.000	0.001	0.001	0.001	0.001	0.000	0.002	0.003	0.001	0.002	0.001	0.001
775.00	0.000	0.001	0.001	0.001	0.001	0.000	0.002	0.003	0.001	0.002	0.001	0.001
776.00	-0.000	0.001	0.000	0.001	0.001	0.000	0.002	0.003	0.001	0.002	0.001	0.001
777.00	-0.000	0.001	0.001	0.001	0.001	0.000	0.002	0.003	0.001	0.002	0.001	0.001
778.00	-0.000	0.001	0.001	0.001	0.001	0.000	0.002	0.003	0.001	0.002	0.001	0.001
779.00	-0.000	0.001	0.001	0.001	0.001	0.000	0.002	0.003	0.001	0.002	0.001	0.001
780.00	-0.000	0.001	0.001	0.001	0.001	0.000	0.002	0.003	0.001	0.002	0.001	0.001
781.00	-0.000	0.001	0.001	0.001	0.001	0.000	0.002	0.003	0.001	0.002	0.001	0.001
782.00	-0.000	0.001	0.001	0.001	0.001	0.000	0.002	0.003	0.001	0.002	0.001	0.001
783.00	-0.000	0.001	0.000	0.001	0.001	0.000	0.002	0.003	0.001	0.002	0.001	0.001
784.00	-0.000	0.001	0.000	0.001	0.001	0.000	0.002	0.003	0.001	0.002	0.001	0.001
785.00	-0.000	0.001	0.000	0.001	0.001	0.000	0.002	0.003	0.001	0.002	0.001	0.001
786.00	-0.000	0.001	0.001	0.001	0.001	0.000	0.002	0.003	0.001	0.002	0.001	0.001
787.00	-0.000	0.001	0.001	0.001	0.001	0.000	0.002	0.003	0.001	0.002	0.001	0.001
788.00	-0.000	0.001	0.001	0.001	0.001	0.000	0.002	0.003	0.001	0.002	0.001	0.001
789.00	-0.000	0.001	0.001	0.001	0.001	0.000	0.002	0.003	0.001	0.002	0.001	0.001
790.00	-0.000	0.001	0.001	0.001	0.001	0.000	0.002	0.003	0.001	0.002	0.001	0.001
791.00	-0.000	0.001	0.000	0.001	0.001	0.000	0.002	0.003	0.001	0.002	0.001	0.001
792.00	-0.000	0.001	0.001	0.001	0.001	0.000	0.002	0.003	0.001	0.002	0.001	0.001
793.00	-0.000	0.001	0.001	0.001	0.001	0.000	0.002	0.003	0.001	0.002	0.001	0.001
794.00	-0.000	0.001	0.001	0.001	0.001	0.000	0.002	0.003	0.001	0.002	0.001	0.001
795.00	-0.000	0.001	0.001	0.001	0.001	0.000	0.002	0.003	0.001	0.002	0.001	0.001
796.00	-0.000	0.001	0.001	0.001	0.001	0.000	0.002	0.003	0.001	0.002	0.001	0.001
797.00	-0.000	0.001	0.001	0.001	0.001	0.000	0.002	0.003	0.001	0.002	0.001	0.001
798.00	0.000	0.001	0.001	0.001	0.001	0.000	0.002	0.003	0.001	0.002	0.001	0.001
799.00	0.000	0.001	0.001	0.001	0.001	0.000	0.002	0.003	0.001	0.002	0.001	0.001
800.00	-0.000	0.001	0.001	0.001	0.001	0.000	0.002	0.003	0.001	0.002	0.001	0.001
801.00	-0.000	0.001	0.001	0.001	0.001	0.000	0.002	0.003	0.001	0.002	0.001	0.001
802.00	0.000	0.001	0.001	0.001	0.001	0.000	0.002	0.003	0.001	0.002	0.001	0.001
803.00	-0.000	0.001	0.001	0.001	0.001	0.000	0.002	0.003	0.001	0.002	0.001	0.001
804.00	-0.000	0.001	0.001	0.001	0.001	0.000	0.002	0.003	0.001	0.002	0.001	0.001
805.00	-0.000	0.001	0.001	0.001	0.001	0.000	0.002	0.003	0.001	0.002	0.001	0.001
806.00	-0.000	0.001	0.001	0.001	0.001	0.000	0.002	0.003	0.001	0.002	0.001	0.001
807.00	-0.000	0.001	0.001	0.001	0.001	0.000	0.002	0.003	0.001	0.002	0.001	0.001
808.00	-0.000	0.001	0.001	0.001	0.001	0.000	0.002	0.003	0.001	0.002	0.001	0.001
809.00	-0.000	0.001	0.001	0.001	0.001	0.000	0.002	0.003	0.001	0.002	0.001	0.001
810.00	0.000	0.001	0.001	0.001	0.001	0.000	0.002	0.003	0.001	0.002	0.001	0.001
811.00	-0.000	0.001	0.001	0.001	0.001	0.000	0.002	0.003	0.001	0.002	0.001	0.001
812.00	-0.000	0.001	0.001	0.001	0.001	0.000	0.002	0.003	0.001	0.002	0.001	0.001
813.00	-0.000	0.001	0.001	0.001	0.001	0.000	0.002	0.003	0.001	0.002	0.001	0.001
814.00	-0.000	0.001	0.001	0.001	0.001	0.000	0.002	0.003	0.001	0.002	0.001	0.001
815.00	0.000	0.001	0.001	0.001	0.001	0.000	0.002	0.003	0.001	0.002	0.001	0.001
816.00	-0.000	0.001	0.001	0.001	0.001	0.000	0.002	0.003	0.001	0.002	0.001	0.001
817.00	-0.000	0.001	0.001	0.001	0.001	0.000	0.002	0.003	0.001	0.002	0.001	0.001
818.00	-0.000	0.001	0.001	0.001	0.001	0.000	0.002	0.003	0.001	0.002	0.001	0.001
819.00	-0.000	0.001	0.001	0.001	0.001	0.000	0.002	0.003	0.001	0.002	0.001	0.001
820.00	-0.000	0.001	0.000	0.001	0.001	0.000	0.002	0.003	0.001	0.002	0.001	0.001
821.00	-0.000	0.001	0.000	0.001	0.001	0.000	0.002	0.003	0.001	0.002	0.001	0.001
822.00	-0.000	0.001	0.000	0.001	0.001	0.000	0.002	0.003	0.001	0.002	0.001	0.001
823.00	-0.000	0.001	0.000	0.001	0.001	0.000	0.002	0.003	0.001	0.002	0.001	0.001
824.00	0.000	0.001	0.001	0.001	0.001	0.000	0.002	0.003	0.001	0.002	0.001	0.001
825.00	0.000	0.001	0.001	0.001	0.001	0.000	0.002	0.003	0.001	0.002	0.001	0.001
826.00	0.000	0.001	0.000	0.001	0.001	0.000	0.002	0.003	0.001	0.002	0.001	0.001
827.00	-0.000	0.001	0.000	0.001	0.001	0.000	0.002	0.003	0.001	0.002	0.001	0.001
828.00	0.000	0.001	0.000	0.001	0.001	0.000	0.002	0.003	0.001	0.002	0.001	0.001
829.00	0.000	0.001	0.000	0.001	0.001	0.000	0.002	0.003	0.001	0.001	0.001	0.001
830.00	0.000	0.001	0.000	0.001	0.001	0.000	0.002	0.003	0.001	0.001	0.001	0.001
831.00	0.000	0.001	0.000	0.001	0.001	0.000	0.002	0.003	0.001	0.001	0.001	0.001
832.00	0.000	0.001	0.000	0.001	0.001	0.000	0.002	0.003	0.001	0.001	0.001	0.001
833.00	0.000	0.001	0.000	0.001	0.001	0.000	0.002	0.003	0.001	0.001	0.001	0.001
834.00	0.000	0.001	0.000	0.001	0.001	0.000	0.002	0.003	0.001	0.001	0.001	0.001
835.00	0.000	0.001	0.001	0.001	0.001	0.000	0.002	0.003	0.001	0.002	0.001	0.001
836.00	0.000	0.001	0.001	0.001	0.001	0.000	0.002	0.003	0.001	0.002	0.001	0.001
837.00	0.000	0.001	0.001	0.001	0.001	0.000	0.002	0.003	0.001	0.002	0.001	0.001
838.00	0.000	0.001	0.001	0.001	0.001	0.000	0.002	0.003	0.001	0.001	0.001	0.001
839.00	0.000	0.001	0.000	0.001	0.001	0.000	0.001	0.003	0.001	0.001	0.001	0.001
840.00	0.000	0.001	0.000	0.001	0.001	0.000	0.001	0.003	0.001	0.001	0.001	0.001
841.00	0.000	0.001	0.000	0.001	0.001	0.000	0.001	0.002	0.001	0.001	0.001	0.001
842.00	0.000	0.001	0.000	0.001	0.001	0.000	0.001	0.002	0.001	0.001	0.001	0.001
843.00	0.000	0.001	0.000	0.001	0.001	0.000	0.001	0.002	0.001	0.001	0.001	0.001
844.00	0.000	0.001	0.000	0.001	0.001	0.000	0.002	0.003	0.001	0.001	0.001	0.001
845.00	0.000	0.001	0.000	0.001	0.001	0.000	0.001	0.002	0.001	0.001	0.001	0.001
846.00	0.000	0.001	0.000	0.001	0.001	0.000	0.001	0.003	0.001	0.001	0.001	0.001
847.00	0.000	0.001	0.000	0.001	0.001	0.000	0.001	0.002	0.001	0.001	0.001	0.001
848.00	0.000	0.001	0.000	0.001	0.001	0.000	0.001	0.002	0.001	0.001	0.001	0.001
849.00	0.000	0.001	0.000	0.001	0.001	0.000	0.001	0.002	0.001	0.001	0.001	0.001
850.00	0.000	0.001	0.000	0.001	0.001	0.000	0.001	0.002	0.001	0.001	0.001	0.001
