190.00	0.039	0.503	0.474	0.341	0.450	0.156	0.200	0.418	0.380	0.346
191.00	0.033	0.473	0.449	0.316	0.424	0.146	0.191	0.389	0.343	0.321
192.00	0.032	0.445	0.423	0.293	0.396	0.138	0.185	0.360	0.305	0.298
193.00	0.031	0.418	0.395	0.267	0.367	0.129	0.176	0.329	0.268	0.272
194.00	0.028	0.400	0.375	0.246	0.343	0.121	0.169	0.304	0.238	0.252
195.00	0.027	0.383	0.355	0.228	0.322	0.115	0.163	0.282	0.210	0.232
196.00	0.026	0.372	0.342	0.212	0.306	0.110	0.158	0.265	0.189	0.216
197.00	0.025	0.362	0.328	0.198	0.290	0.105	0.152	0.249	0.169	0.201
198.00	0.023	0.353	0.317	0.184	0.277	0.099	0.147	0.234	0.151	0.188
199.00	0.022	0.345	0.307	0.173	0.265	0.095	0.143	0.222	0.137	0.177
200.00	0.022	0.337	0.299	0.163	0.254	0.092	0.139	0.212	0.125	0.167
201.00	0.020	0.327	0.289	0.154	0.243	0.087	0.135	0.201	0.114	0.158
202.00	0.019	0.316	0.279	0.146	0.233	0.084	0.131	0.193	0.106	0.150
203.00	0.019	0.304	0.268	0.140	0.223	0.082	0.128	0.186	0.099	0.143
204.00	0.018	0.288	0.255	0.134	0.212	0.079	0.124	0.179	0.093	0.136
205.00	0.017	0.271	0.241	0.128	0.201	0.076	0.121	0.173	0.088	0.131
206.00	0.016	0.253	0.225	0.123	0.190	0.074	0.118	0.168	0.083	0.126
207.00	0.016	0.234	0.211	0.119	0.180	0.073	0.115	0.163	0.080	0.121
208.00	0.015	0.217	0.197	0.115	0.171	0.071	0.113	0.159	0.077	0.117
209.00	0.015	0.199	0.183	0.111	0.161	0.069	0.110	0.154	0.074	0.113
210.00	0.014	0.184	0.171	0.108	0.153	0.067	0.107	0.151	0.071	0.110
211.00	0.014	0.170	0.160	0.104	0.145	0.066	0.105	0.147	0.069	0.107
212.00	0.013	0.157	0.150	0.101	0.138	0.064	0.103	0.144	0.067	0.104
213.00	0.013	0.147	0.141	0.098	0.131	0.063	0.100	0.141	0.065	0.101
214.00	0.012	0.138	0.134	0.096	0.125	0.061	0.098	0.138	0.063	0.098
215.00	0.012	0.132	0.128	0.093	0.121	0.059	0.096	0.135	0.061	0.095
216.00	0.012	0.126	0.123	0.091	0.117	0.058	0.094	0.132	0.059	0.093
217.00	0.012	0.122	0.119	0.089	0.113	0.057	0.092	0.129	0.058	0.090
218.00	0.012	0.119	0.116	0.087	0.110	0.056	0.091	0.127	0.057	0.089
219.00	0.011	0.116	0.113	0.085	0.107	0.055	0.089	0.125	0.055	0.086
220.00	0.011	0.113	0.110	0.083	0.104	0.053	0.088	0.123	0.054	0.084
221.00	0.011	0.111	0.108	0.081	0.102	0.052	0.086	0.121	0.053	0.083
222.00	0.011	0.110	0.106	0.080	0.099	0.051	0.085	0.119	0.052	0.081
223.00	0.011	0.108	0.104	0.078	0.097	0.051	0.084	0.117	0.051	0.080
224.00	0.011	0.107	0.102	0.077	0.095	0.050	0.083	0.115	0.050	0.078
225.00	0.011	0.105	0.100	0.075	0.093	0.049	0.081	0.113	0.049	0.076
226.00	0.010	0.104	0.099	0.074	0.091	0.048	0.080	0.112	0.048	0.075
227.00	0.010	0.103	0.097	0.072	0.089	0.047	0.079	0.110	0.047	0.073
228.00	0.010	0.101	0.096	0.071	0.088	0.046	0.077	0.109	0.046	0.072
229.00	0.010	0.100	0.094	0.070	0.086	0.046	0.076	0.107	0.046	0.070
230.00	0.010	0.099	0.093	0.069	0.085	0.045	0.075	0.106	0.045	0.069
231.00	0.010	0.097	0.091	0.067	0.083	0.044	0.074	0.104	0.044	0.068
232.00	0.009	0.095	0.090	0.066	0.082	0.043	0.072	0.103	0.043	0.066
233.00	0.009	0.094	0.088	0.065	0.080	0.043	0.071	0.102	0.042	0.065
234.00	0.009	0.092	0.086	0.064	0.079	0.042	0.070	0.100	0.042	0.064
235.00	0.009	0.089	0.085	0.063	0.077	0.041	0.069	0.099	0.041	0.063
236.00	0.009	0.087	0.083	0.062	0.076	0.041	0.068	0.098	0.040	0.062
237.00	0.009	0.085	0.081	0.061	0.075	0.040	0.067	0.098	0.040	0.061
238.00	0.009	0.083	0.079	0.060	0.073	0.040	0.066	0.096	0.039	0.060
239.00	0.009	0.080	0.077	0.059	0.071	0.039	0.066	0.095	0.039	0.059
240.00	0.009	0.077	0.074	0.059	0.070	0.039	0.065	0.095	0.038	0.058
241.00	0.009	0.074	0.072	0.058	0.068	0.038	0.064	0.094	0.038	0.058
242.00	0.009	0.071	0.070	0.057	0.067	0.038	0.063	0.093	0.037	0.057
243.00	0.008	0.068	0.067	0.056	0.065	0.037	0.062	0.092	0.037	0.056
244.00	0.008	0.065	0.065	0.056	0.063	0.037	0.061	0.091	0.036	0.056
245.00	0.008	0.063	0.063	0.055	0.062	0.037	0.060	0.091	0.036	0.055
246.00	0.008	0.061	0.062	0.055	0.061	0.036	0.060	0.090	0.035	0.054
247.00	0.008	0.059	0.060	0.054	0.060	0.036	0.059	0.089	0.035	0.054
248.00	0.008	0.058	0.059	0.053	0.059	0.035	0.058	0.089	0.034	0.053
249.00	0.008	0.057	0.059	0.053	0.058	0.035	0.058	0.088	0.034	0.053
250.00	0.008	0.056	0.058	0.053	0.058	0.035	0.057	0.088	0.034	0.052
251.00	0.007	0.055	0.057	0.052	0.057	0.034	0.057	0.087	0.034	0.052
252.00	0.007	0.055	0.057	0.052	0.057	0.034	0.056	0.087	0.033	0.052
253.00	0.007	0.054	0.056	0.051	0.056	0.034	0.056	0.086	0.033	0.051
254.00	0.007	0.054	0.056	0.051	0.056	0.034	0.055	0.086	0.032	0.051
255.00	0.007	0.053	0.055	0.050	0.055	0.033	0.055	0.085	0.032	0.050
256.00	0.007	0.053	0.055	0.050	0.055	0.033	0.054	0.085	0.032	0.050
257.00	0.007	0.052	0.054	0.049	0.054	0.033	0.054	0.084	0.031	0.050
258.00	0.007	0.052	0.054	0.049	0.054	0.033	0.054	0.084	0.031	0.049
259.00	0.007	0.052	0.054	0.049	0.054	0.032	0.053	0.083	0.031	0.049
260.00	0.007	0.051	0.053	0.048	0.053	0.032	0.053	0.083	0.031	0.048
261.00	0.007	0.051	0.053	0.048	0.053	0.032	0.052	0.083	0.031	0.048
262.00	0.007	0.051	0.053	0.048	0.052	0.032	0.052	0.082	0.030	0.048
263.00	0.007	0.050	0.052	0.047	0.052	0.032	0.052	0.082	0.030	0.047
264.00	0.007	0.050	0.052	0.046	0.051	0.031	0.051	0.081	0.029	0.047
265.00	0.007	0.049	0.051	0.046	0.051	0.031	0.051	0.080	0.029	0.046
266.00	0.007	0.049	0.051	0.045	0.050	0.031	0.050	0.080	0.029	0.046
267.00	0.007	0.049	0.050	0.045	0.050	0.030	0.050	0.079	0.029	0.045
268.00	0.007	0.048	0.050	0.044	0.049	0.030	0.049	0.079	0.028	0.045
269.00	0.007	0.048	0.050	0.044	0.049	0.030	0.049	0.078	0.028	0.044
270.00	0.007	0.048	0.049	0.043	0.048	0.030	0.049	0.077	0.028	0.043
271.00	0.007	0.047	0.049	0.042	0.048	0.029	0.048	0.076	0.028	0.043
272.00	0.007	0.047	0.048	0.042	0.047	0.029	0.048	0.076	0.027	0.042
273.00	0.007	0.047	0.048	0.041	0.047	0.029	0.047	0.075	0.027	0.041
274.00	0.007	0.046	0.048	0.040	0.046	0.028	0.047	0.074	0.027	0.041
275.00	0.006	0.046	0.047	0.040	0.046	0.028	0.046	0.074	0.026	0.040
276.00	0.006	0.046	0.047	0.039	0.045	0.028	0.046	0.073	0.026	0.039
277.00	0.006	0.046	0.046	0.038	0.045	0.027	0.045	0.072	0.026	0.038
278.00	0.006	0.045	0.046	0.037	0.044	0.027	0.045	0.071	0.026	0.038
279.00	0.006	0.045	0.046	0.037	0.043	0.027	0.044	0.071	0.025	0.037
280.00	0.006	0.045	0.046	0.036	0.043	0.027	0.044	0.070	0.025	0.036
281.00	0.006	0.045	0.045	0.035	0.042	0.026	0.043	0.069	0.025	0.035
282.00	0.006	0.045	0.045	0.035	0.042	0.026	0.043	0.069	0.024	0.035
283.00	0.006	0.045	0.044	0.034	0.042	0.026	0.043	0.068	0.024	0.034
284.00	0.006	0.045	0.044	0.033	0.041	0.026	0.042	0.067	0.024	0.033
285.00	0.006	0.044	0.044	0.033	0.041	0.025	0.042	0.066	0.024	0.033
286.00	0.006	0.044	0.044	0.032	0.040	0.025	0.041	0.066	0.023	0.032
287.00	0.006	0.044	0.043	0.031	0.040	0.025	0.041	0.065	0.023	0.032
288.00	0.006	0.044	0.043	0.030	0.039	0.024	0.040	0.064	0.022	0.031
289.00	0.006	0.043	0.042	0.030	0.039	0.024	0.039	0.063	0.022	0.030
290.00	0.006	0.043	0.042	0.029	0.038	0.024	0.039	0.063	0.022	0.029
291.00	0.006	0.043	0.042	0.029	0.038	0.024	0.039	0.062	0.022	0.029
292.00	0.006	0.043	0.041	0.028	0.037	0.024	0.038	0.062	0.021	0.028
293.00	0.006	0.042	0.041	0.028	0.037	0.023	0.038	0.061	0.021	0.028
294.00	0.006	0.042	0.040	0.027	0.036	0.023	0.037	0.060	0.021	0.027
295.00	0.006	0.042	0.040	0.027	0.036	0.023	0.037	0.060	0.021	0.027
296.00	0.006	0.041	0.039	0.026	0.035	0.022	0.037	0.059	0.020	0.026
297.00	0.006	0.041	0.039	0.026	0.035	0.022	0.036	0.059	0.020	0.026
298.00	0.006	0.040	0.038	0.025	0.034	0.022	0.036	0.058	0.020	0.025
299.00	0.005	0.039	0.037	0.024	0.033	0.022	0.036	0.058	0.020	0.025
300.00	0.006	0.039	0.037	0.024	0.033	0.021	0.035	0.057	0.019	0.024
301.00	0.006	0.038	0.036	0.024	0.032	0.021	0.035	0.057	0.019	0.024
302.00	0.006	0.037	0.035	0.023	0.031	0.021	0.034	0.056	0.019	0.023
303.00	0.006	0.036	0.034	0.023	0.031	0.021	0.034	0.056	0.018	0.023
304.00	0.005	0.035	0.033	0.022	0.030	0.021	0.034	0.055	0.018	0.022
305.00	0.005	0.034	0.032	0.022	0.029	0.020	0.033	0.055	0.018	0.022
306.00	0.005	0.033	0.031	0.022	0.029	0.020	0.033	0.054	0.018	0.021
307.00	0.005	0.032	0.031	0.021	0.028	0.020	0.033	0.054	0.017	0.021
308.00	0.005	0.031	0.030	0.021	0.028	0.020	0.032	0.054	0.017	0.021
309.00	0.005	0.030	0.029	0.021	0.027	0.019	0.032	0.053	0.017	0.020
310.00	0.005	0.029	0.028	0.020	0.026	0.019	0.032	0.053	0.017	0.020
311.00	0.005	0.027	0.027	0.020	0.025	0.019	0.031	0.052	0.016	0.020
312.00	0.005	0.027	0.026	0.019	0.025	0.019	0.031	0.052	0.016	0.020
313.00	0.005	0.026	0.025	0.019	0.024	0.018	0.030	0.052	0.016	0.019
314.00	0.005	0.024	0.024	0.019	0.024	0.018	0.030	0.051	0.016	0.019
315.00	0.005	0.024	0.024	0.018	0.023	0.018	0.030	0.051	0.016	0.018
316.00	0.005	0.023	0.023	0.018	0.023	0.018	0.029	0.050	0.015	0.018
317.00	0.005	0.022	0.022	0.018	0.022	0.018	0.029	0.050	0.015	0.018
318.00	0.005	0.021	0.022	0.018	0.022	0.018	0.029	0.050	0.015	0.018
319.00	0.004	0.021	0.021	0.017	0.021	0.017	0.028	0.049	0.015	0.017
320.00	0.005	0.020	0.021	0.017	0.021	0.017	0.028	0.049	0.015	0.017
321.00	0.005	0.020	0.020	0.017	0.021	0.017	0.028	0.049	0.015	0.017
322.00	0.005	0.019	0.020	0.017	0.020	0.017	0.028	0.049	0.014	0.017
323.00	0.004	0.019	0.019	0.016	0.020	0.017	0.027	0.048	0.014	0.016
324.00	0.004	0.018	0.019	0.016	0.019	0.017	0.027	0.048	0.014	0.016
325.00	0.004	0.018	0.019	0.016	0.019	0.016	0.027	0.048	0.014	0.016
326.00	0.004	0.017	0.018	0.016	0.019	0.016	0.026	0.047	0.014	0.016
327.00	0.004	0.017	0.018	0.015	0.018	0.016	0.026	0.048	0.014	0.015
328.00	0.005	0.017	0.018	0.015	0.018	0.016	0.026	0.047	0.014	0.015
329.00	0.004	0.017	0.017	0.015	0.018	0.016	0.026	0.047	0.014	0.015
330.00	0.004	0.016	0.017	0.015	0.018	0.016	0.025	0.047	0.013	0.015
331.00	0.005	0.016	0.017	0.015	0.018	0.016	0.025	0.046	0.013	0.015
332.00	0.004	0.016	0.017	0.014	0.017	0.015	0.025	0.046	0.013	0.015
333.00	0.004	0.016	0.017	0.014	0.017	0.015	0.025	0.046	0.013	0.015
334.00	0.004	0.015	0.016	0.014	0.017	0.015	0.024	0.045	0.013	0.014
335.00	0.004	0.015	0.016	0.014	0.017	0.015	0.024	0.045	0.013	0.014
336.00	0.004	0.015	0.016	0.014	0.016	0.014	0.024	0.045	0.013	0.013
337.00	0.004	0.014	0.016	0.013	0.016	0.015	0.023	0.045	0.012	0.013
338.00	0.004	0.014	0.015	0.013	0.016	0.014	0.023	0.044	0.012	0.013
339.00	0.004	0.015	0.016	0.013	0.016	0.014	0.023	0.045	0.013	0.013
340.00	0.006	0.016	0.016	0.014	0.016	0.015	0.024	0.045	0.014	0.014
341.00	0.004	0.014	0.015	0.013	0.015	0.014	0.023	0.044	0.012	0.013
342.00	0.004	0.014	0.015	0.013	0.015	0.014	0.023	0.043	0.012	0.013
343.00	0.004	0.014	0.015	0.012	0.015	0.014	0.022	0.043	0.012	0.013
344.00	0.004	0.014	0.014	0.012	0.015	0.014	0.022	0.043	0.012	0.012
345.00	0.004	0.013	0.014	0.012	0.015	0.013	0.022	0.043	0.012	0.012
346.00	0.004	0.013	0.014	0.012	0.014	0.013	0.021	0.042	0.011	0.012
347.00	0.004	0.013	0.014	0.012	0.014	0.013	0.021	0.043	0.012	0.012
348.00	0.004	0.013	0.013	0.012	0.014	0.013	0.021	0.042	0.011	0.012
349.00	0.004	0.013	0.013	0.011	0.014	0.013	0.020	0.042	0.011	0.012
350.00	0.004	0.012	0.013	0.011	0.014	0.012	0.020	0.042	0.011	0.011
351.00	0.004	0.012	0.013	0.011	0.013	0.012	0.020	0.041	0.011	0.011
352.00	0.004	0.012	0.013	0.011	0.013	0.012	0.020	0.041	0.011	0.011
353.00	0.003	0.012	0.013	0.011	0.013	0.012	0.019	0.041	0.011	0.011
354.00	0.003	0.011	0.012	0.010	0.013	0.012	0.019	0.041	0.010	0.010
355.00	0.003	0.011	0.012	0.010	0.013	0.012	0.019	0.041	0.010	0.010
356.00	0.003	0.011	0.012	0.010	0.012	0.011	0.019	0.040	0.010	0.010
357.00	0.003	0.011	0.012	0.010	0.012	0.011	0.019	0.040	0.010	0.010
358.00	0.003	0.011	0.012	0.010	0.012	0.011	0.018	0.040	0.010	0.010
359.00	0.003	0.011	0.012	0.010	0.012	0.011	0.018	0.040	0.010	0.010
360.00	0.003	0.011	0.012	0.010	0.012	0.011	0.018	0.040	0.010	0.010
361.00	0.003	0.011	0.011	0.010	0.012	0.011	0.018	0.039	0.010	0.010
362.00	0.003	0.010	0.011	0.010	0.012	0.011	0.017	0.039	0.010	0.009
363.00	0.003	0.010	0.011	0.009	0.012	0.011	0.017	0.039	0.010	0.009
364.00	0.003	0.010	0.011	0.009	0.011	0.010	0.017	0.039	0.009	0.009
365.00	0.003	0.010	0.011	0.009	0.011	0.010	0.017	0.039	0.009	0.009
366.00	0.003	0.010	0.011	0.009	0.011	0.010	0.016	0.038	0.009	0.009
367.00	0.003	0.010	0.011	0.009	0.011	0.010	0.016	0.038	0.009	0.009
368.00	0.003	0.010	0.011	0.009	0.011	0.010	0.016	0.038	0.009	0.009
369.00	0.003	0.010	0.010	0.008	0.011	0.010	0.016	0.038	0.009	0.009
370.00	0.003	0.009	0.010	0.008	0.010	0.010	0.016	0.038	0.009	0.008
371.00	0.003	0.009	0.010	0.008	0.010	0.009	0.016	0.037	0.009	0.008
372.00	0.003	0.009	0.010	0.008	0.010	0.010	0.015	0.038	0.009	0.008
373.00	0.003	0.009	0.010	0.008	0.010	0.010	0.015	0.037	0.009	0.008
374.00	0.003	0.009	0.010	0.008	0.010	0.009	0.015	0.037	0.009	0.008
375.00	0.003	0.009	0.010	0.008	0.010	0.009	0.015	0.037	0.008	0.008
376.00	0.003	0.009	0.010	0.008	0.010	0.009	0.015	0.037	0.008	0.008
377.00	0.003	0.008	0.010	0.008	0.010	0.009	0.015	0.037	0.008	0.008
378.00	0.003	0.008	0.009	0.008	0.010	0.009	0.015	0.037	0.008	0.008
379.00	0.003	0.008	0.009	0.007	0.010	0.009	0.014	0.037	0.008	0.007
380.00	0.002	0.008	0.009	0.007	0.009	0.009	0.014	0.036	0.008	0.007
381.00	0.002	0.008	0.009	0.007	0.010	0.009	0.014	0.036	0.008	0.007
382.00	0.003	0.008	0.009	0.007	0.009	0.009	0.014	0.036	0.008	0.007
383.00	0.002	0.008	0.009	0.007	0.009	0.009	0.014	0.036	0.008	0.007
384.00	0.002	0.008	0.009	0.007	0.009	0.008	0.013	0.036	0.008	0.007
385.00	0.002	0.008	0.009	0.007	0.009	0.008	0.013	0.036	0.008	0.007
386.00	0.002	0.008	0.008	0.007	0.009	0.008	0.013	0.036	0.007	0.006
387.00	0.002	0.007	0.008	0.006	0.009	0.008	0.013	0.035	0.008	0.006
388.00	0.002	0.007	0.008	0.006	0.009	0.008	0.013	0.035	0.007	0.007
389.00	0.002	0.007	0.008	0.006	0.009	0.008	0.013	0.035	0.007	0.006
390.00	0.002	0.007	0.008	0.006	0.009	0.008	0.013	0.035	0.007	0.006
391.00	0.002	0.007	0.008	0.006	0.009	0.008	0.012	0.035	0.007	0.006
392.00	0.002	0.007	0.008	0.006	0.009	0.008	0.012	0.035	0.007	0.006
393.00	0.002	0.007	0.008	0.006	0.008	0.007	0.012	0.035	0.007	0.006
394.00	0.002	0.007	0.008	0.006	0.008	0.007	0.012	0.034	0.007	0.006
395.00	0.002	0.007	0.008	0.006	0.008	0.007	0.012	0.035	0.007	0.006
396.00	0.002	0.007	0.008	0.006	0.008	0.007	0.012	0.034	0.007	0.006
397.00	0.002	0.007	0.008	0.006	0.008	0.007	0.011	0.034	0.007	0.006
398.00	0.002	0.006	0.007	0.006	0.008	0.007	0.011	0.034	0.007	0.006
399.00	0.002	0.006	0.008	0.006	0.008	0.007	0.011	0.034	0.007	0.006
400.00	0.002	0.006	0.007	0.005	0.008	0.007	0.011	0.034	0.007	0.005
401.00	0.002	0.006	0.007	0.005	0.008	0.007	0.011	0.034	0.006	0.005
402.00	0.002	0.006	0.007	0.005	0.008	0.007	0.011	0.034	0.007	0.006
403.00	0.002	0.006	0.007	0.005	0.008	0.007	0.011	0.034	0.007	0.006
404.00	0.002	0.006	0.007	0.005	0.008	0.007	0.011	0.033	0.006	0.005
405.00	0.002	0.006	0.007	0.005	0.008	0.006	0.011	0.033	0.006	0.005
406.00	0.002	0.006	0.007	0.005	0.008	0.006	0.011	0.033	0.006	0.005
407.00	0.002	0.006	0.007	0.005	0.008	0.006	0.010	0.033	0.006	0.005
408.00	0.002	0.006	0.007	0.005	0.008	0.006	0.010	0.033	0.006	0.005
409.00	0.001	0.006	0.007	0.005	0.008	0.006	0.010	0.033	0.006	0.005
410.00	0.001	0.005	0.007	0.005	0.008	0.006	0.010	0.033	0.006	0.005
411.00	0.002	0.005	0.007	0.005	0.007	0.006	0.010	0.033	0.006	0.005
412.00	0.001	0.005	0.007	0.005	0.007	0.006	0.010	0.033	0.006	0.005
413.00	0.001	0.005	0.007	0.005	0.007	0.006	0.010	0.033	0.006	0.005
414.00	0.001	0.005	0.006	0.005	0.007	0.006	0.010	0.032	0.006	0.005
415.00	0.001	0.005	0.006	0.004	0.007	0.006	0.010	0.032	0.006	0.005
416.00	0.001	0.005	0.006	0.004	0.007	0.006	0.010	0.032	0.006	0.005
417.00	0.001	0.005	0.006	0.004	0.007	0.006	0.010	0.032	0.006	0.004
418.00	0.001	0.005	0.006	0.004	0.007	0.006	0.009	0.032	0.006	0.004
419.00	0.001	0.005	0.006	0.004	0.007	0.006	0.009	0.032	0.006	0.004
420.00	0.001	0.005	0.006	0.004	0.007	0.006	0.009	0.032	0.006	0.004
421.00	0.001	0.005	0.006	0.004	0.007	0.006	0.009	0.032	0.006	0.004
422.00	0.001	0.005	0.006	0.004	0.007	0.006	0.009	0.032	0.006	0.004
423.00	0.001	0.005	0.006	0.004	0.007	0.006	0.009	0.032	0.006	0.004
424.00	0.001	0.005	0.006	0.004	0.007	0.006	0.009	0.031	0.006	0.004
425.00	0.001	0.005	0.006	0.004	0.007	0.005	0.009	0.031	0.006	0.004
426.00	0.001	0.005	0.006	0.004	0.006	0.005	0.009	0.031	0.005	0.004
427.00	0.001	0.005	0.006	0.004	0.007	0.005	0.009	0.031	0.006	0.004
428.00	0.001	0.005	0.006	0.004	0.006	0.005	0.009	0.031	0.005	0.004
429.00	0.001	0.004	0.005	0.004	0.006	0.005	0.009	0.031	0.005	0.004
430.00	0.001	0.004	0.005	0.003	0.006	0.005	0.009	0.031	0.005	0.004
431.00	0.001	0.004	0.005	0.003	0.006	0.005	0.009	0.031	0.005	0.004
432.00	0.001	0.004	0.005	0.004	0.006	0.005	0.008	0.031	0.005	0.004
433.00	0.001	0.004	0.005	0.004	0.006	0.005	0.008	0.031	0.005	0.004
434.00	0.001	0.004	0.005	0.003	0.006	0.005	0.008	0.030	0.005	0.003
435.00	0.001	0.004	0.005	0.003	0.006	0.005	0.008	0.030	0.005	0.003
436.00	0.001	0.004	0.005	0.003	0.006	0.005	0.008	0.030	0.005	0.003
437.00	0.001	0.004	0.005	0.003	0.006	0.005	0.008	0.030	0.005	0.003
438.00	0.001	0.004	0.005	0.003	0.006	0.005	0.008	0.030	0.005	0.003
439.00	0.001	0.004	0.005	0.003	0.006	0.005	0.008	0.030	0.005	0.003
440.00	0.001	0.004	0.005	0.003	0.006	0.005	0.008	0.030	0.005	0.003
441.00	0.001	0.004	0.005	0.003	0.006	0.005	0.008	0.030	0.005	0.003
442.00	0.001	0.004	0.005	0.003	0.006	0.005	0.008	0.030	0.005	0.003
443.00	0.001	0.004	0.005	0.003	0.006	0.005	0.008	0.030	0.005	0.003
444.00	0.001	0.004	0.005	0.003	0.006	0.005	0.008	0.030	0.005	0.003
445.00	0.001	0.004	0.005	0.003	0.005	0.004	0.008	0.030	0.005	0.003
446.00	0.001	0.004	0.005	0.003	0.005	0.004	0.007	0.029	0.005	0.003
447.00	0.001	0.004	0.005	0.003	0.005	0.004	0.008	0.029	0.005	0.003
448.00	0.001	0.004	0.005	0.003	0.005	0.004	0.007	0.029	0.005	0.003
449.00	0.001	0.004	0.005	0.003	0.005	0.004	0.007	0.029	0.005	0.003
450.00	0.001	0.004	0.005	0.003	0.005	0.004	0.007	0.029	0.005	0.003
451.00	0.001	0.004	0.005	0.003	0.005	0.004	0.007	0.029	0.005	0.003
452.00	0.001	0.004	0.005	0.003	0.005	0.004	0.007	0.029	0.005	0.003
453.00	0.001	0.004	0.004	0.003	0.005	0.004	0.007	0.029	0.005	0.003
454.00	0.001	0.004	0.005	0.003	0.005	0.004	0.007	0.029	0.005	0.003
455.00	0.001	0.003	0.004	0.003	0.005	0.004	0.007	0.029	0.005	0.003
456.00	0.001	0.004	0.005	0.003	0.005	0.004	0.007	0.029	0.005	0.003
457.00	0.001	0.004	0.005	0.003	0.005	0.004	0.007	0.029	0.005	0.003
458.00	0.001	0.003	0.004	0.003	0.005	0.004	0.007	0.029	0.005	0.003
459.00	0.001	0.003	0.004	0.003	0.005	0.004	0.007	0.029	0.005	0.003
460.00	0.001	0.003	0.004	0.003	0.005	0.004	0.007	0.029	0.005	0.003
461.00	0.001	0.003	0.004	0.003	0.005	0.004	0.007	0.029	0.005	0.003
462.00	0.001	0.003	0.004	0.003	0.005	0.004	0.007	0.028	0.005	0.003
463.00	0.001	0.003	0.004	0.003	0.005	0.004	0.007	0.028	0.005	0.003
464.00	0.001	0.003	0.004	0.003	0.005	0.004	0.007	0.028	0.005	0.003
465.00	0.001	0.003	0.004	0.003	0.005	0.004	0.007	0.028	0.005	0.003
466.00	0.001	0.003	0.004	0.002	0.005	0.004	0.007	0.028	0.005	0.003
467.00	0.001	0.003	0.004	0.002	0.005	0.004	0.007	0.028	0.005	0.003
468.00	0.001	0.003	0.004	0.002	0.005	0.004	0.007	0.028	0.004	0.003
469.00	0.001	0.003	0.004	0.002	0.005	0.004	0.007	0.028	0.004	0.003
470.00	0.001	0.003	0.004	0.002	0.005	0.004	0.007	0.028	0.004	0.003
471.00	0.001	0.003	0.004	0.002	0.005	0.004	0.007	0.028	0.004	0.003
472.00	0.001	0.003	0.004	0.002	0.005	0.004	0.007	0.028	0.004	0.003
473.00	0.001	0.003	0.004	0.002	0.005	0.004	0.007	0.028	0.005	0.003
474.00	0.001	0.003	0.004	0.002	0.005	0.004	0.007	0.028	0.004	0.003
475.00	0.001	0.003	0.004	0.002	0.004	0.004	0.007	0.028	0.004	0.003
476.00	0.001	0.003	0.004	0.002	0.004	0.004	0.007	0.028	0.004	0.003
477.00	0.001	0.003	0.004	0.002	0.004	0.004	0.007	0.027	0.004	0.003
478.00	0.001	0.003	0.004	0.002	0.004	0.004	0.006	0.027	0.004	0.003
479.00	0.001	0.003	0.004	0.002	0.004	0.003	0.006	0.027	0.004	0.002
480.00	0.001	0.003	0.004	0.002	0.004	0.004	0.006	0.027	0.004	0.002
481.00	0.000	0.003	0.004	0.002	0.004	0.003	0.006	0.027	0.004	0.002
482.00	0.000	0.003	0.004	0.002	0.004	0.003	0.006	0.027	0.004	0.002
483.00	0.001	0.003	0.004	0.002	0.004	0.003	0.006	0.027	0.004	0.002
484.00	0.001	0.003	0.004	0.002	0.004	0.003	0.006	0.027	0.004	0.002
485.00	0.000	0.003	0.003	0.002	0.004	0.003	0.006	0.027	0.004	0.002
486.00	0.001	0.003	0.003	0.002	0.004	0.003	0.006	0.027	0.004	0.002
487.00	0.001	0.003	0.004	0.002	0.004	0.003	0.006	0.027	0.004	0.002
488.00	0.001	0.003	0.003	0.002	0.004	0.003	0.006	0.027	0.004	0.002
489.00	0.000	0.003	0.003	0.002	0.004	0.003	0.006	0.027	0.004	0.002
490.00	0.000	0.003	0.003	0.002	0.004	0.003	0.006	0.026	0.004	0.002
491.00	0.000	0.003	0.003	0.002	0.004	0.003	0.006	0.026	0.004	0.002
492.00	0.000	0.003	0.003	0.002	0.004	0.003	0.006	0.026	0.004	0.002
493.00	0.000	0.003	0.003	0.002	0.004	0.003	0.006	0.026	0.004	0.002
494.00	0.000	0.003	0.003	0.002	0.004	0.003	0.006	0.026	0.004	0.002
495.00	0.000	0.003	0.003	0.002	0.004	0.003	0.006	0.026	0.004	0.002
496.00	0.000	0.003	0.003	0.002	0.004	0.003	0.006	0.026	0.004	0.002
497.00	0.000	0.003	0.003	0.002	0.004	0.003	0.006	0.026	0.004	0.002
498.00	0.000	0.003	0.003	0.002	0.004	0.003	0.006	0.026	0.004	0.002
499.00	0.000	0.003	0.003	0.002	0.004	0.003	0.006	0.026	0.004	0.002
500.00	0.000	0.003	0.003	0.002	0.004	0.003	0.006	0.026	0.004	0.002
501.00	0.000	0.003	0.003	0.002	0.004	0.003	0.006	0.026	0.004	0.002
502.00	0.000	0.003	0.003	0.002	0.004	0.003	0.006	0.026	0.004	0.002
503.00	0.000	0.002	0.003	0.002	0.004	0.003	0.006	0.026	0.004	0.002
504.00	0.000	0.003	0.003	0.002	0.004	0.003	0.006	0.026	0.004	0.002
505.00	0.000	0.003	0.003	0.002	0.004	0.003	0.006	0.026	0.004	0.002
506.00	0.000	0.003	0.003	0.002	0.004	0.003	0.006	0.026	0.004	0.002
507.00	0.000	0.002	0.003	0.002	0.004	0.003	0.006	0.026	0.004	0.002
508.00	0.000	0.002	0.003	0.002	0.003	0.003	0.005	0.025	0.004	0.002
509.00	0.000	0.002	0.003	0.002	0.003	0.003	0.005	0.025	0.004	0.002
510.00	0.000	0.002	0.003	0.002	0.003	0.003	0.005	0.025	0.004	0.002
511.00	0.000	0.002	0.003	0.002	0.003	0.003	0.005	0.025	0.004	0.002
512.00	0.000	0.002	0.003	0.002	0.003	0.003	0.005	0.025	0.004	0.002
513.00	0.000	0.002	0.003	0.002	0.003	0.003	0.005	0.025	0.004	0.002
514.00	0.000	0.002	0.003	0.002	0.003	0.003	0.005	0.025	0.004	0.002
515.00	0.000	0.002	0.003	0.002	0.003	0.003	0.005	0.025	0.004	0.002
516.00	0.000	0.002	0.003	0.002	0.003	0.003	0.005	0.025	0.004	0.002
517.00	0.000	0.002	0.003	0.001	0.003	0.003	0.005	0.025	0.004	0.002
518.00	0.000	0.002	0.003	0.002	0.003	0.003	0.005	0.025	0.004	0.002
519.00	0.000	0.002	0.003	0.001	0.003	0.003	0.005	0.025	0.004	0.002
520.00	0.000	0.002	0.003	0.001	0.003	0.003	0.005	0.025	0.004	0.002
521.00	0.000	0.002	0.003	0.001	0.003	0.002	0.005	0.025	0.004	0.002
522.00	0.000	0.002	0.003	0.001	0.003	0.002	0.005	0.025	0.004	0.002
523.00	0.000	0.002	0.003	0.001	0.003	0.002	0.005	0.024	0.003	0.002
524.00	0.000	0.002	0.003	0.001	0.003	0.002	0.005	0.024	0.003	0.002
525.00	0.000	0.002	0.003	0.001	0.003	0.002	0.005	0.024	0.003	0.002
526.00	0.000	0.002	0.003	0.001	0.003	0.003	0.005	0.024	0.004	0.002
527.00	0.000	0.002	0.003	0.001	0.003	0.002	0.005	0.024	0.003	0.002
528.00	0.000	0.002	0.003	0.001	0.003	0.002	0.005	0.024	0.003	0.002
529.00	0.000	0.002	0.003	0.001	0.003	0.002	0.005	0.024	0.003	0.002
530.00	0.000	0.002	0.003	0.001	0.003	0.002	0.005	0.024	0.003	0.002
531.00	0.000	0.002	0.003	0.001	0.003	0.002	0.005	0.024	0.003	0.002
532.00	0.000	0.002	0.003	0.001	0.003	0.002	0.005	0.024	0.003	0.002
533.00	0.000	0.002	0.003	0.001	0.003	0.002	0.005	0.024	0.003	0.002
534.00	0.000	0.002	0.003	0.001	0.003	0.002	0.005	0.024	0.003	0.002
535.00	0.000	0.002	0.003	0.002	0.003	0.003	0.005	0.024	0.004	0.002
536.00	0.001	0.003	0.004	0.002	0.004	0.003	0.006	0.025	0.004	0.003
537.00	0.000	0.002	0.003	0.001	0.003	0.002	0.005	0.024	0.004	0.002
538.00	0.000	0.002	0.003	0.001	0.003	0.002	0.005	0.024	0.003	0.002
539.00	0.000	0.002	0.003	0.001	0.003	0.002	0.005	0.024	0.003	0.002
540.00	0.000	0.002	0.002	0.001	0.003	0.002	0.005	0.024	0.003	0.002
541.00	0.000	0.002	0.003	0.001	0.003	0.002	0.005	0.024	0.003	0.002
542.00	0.000	0.002	0.003	0.001	0.003	0.002	0.005	0.024	0.003	0.002
543.00	0.000	0.002	0.002	0.001	0.003	0.002	0.005	0.023	0.003	0.002
544.00	0.000	0.002	0.003	0.001	0.003	0.002	0.005	0.024	0.003	0.002
545.00	0.000	0.002	0.003	0.001	0.003	0.002	0.005	0.023	0.003	0.002
546.00	0.000	0.002	0.003	0.001	0.003	0.002	0.005	0.023	0.003	0.002
547.00	0.000	0.002	0.002	0.001	0.003	0.002	0.005	0.023	0.003	0.002
548.00	0.000	0.002	0.002	0.001	0.003	0.002	0.004	0.023	0.003	0.002
549.00	0.000	0.002	0.002	0.001	0.003	0.002	0.004	0.023	0.003	0.002
550.00	0.000	0.002	0.002	0.001	0.003	0.002	0.004	0.023	0.003	0.002
551.00	0.000	0.002	0.002	0.001	0.003	0.002	0.004	0.023	0.003	0.002
552.00	0.000	0.002	0.003	0.001	0.003	0.002	0.004	0.023	0.003	0.002
553.00	0.000	0.002	0.002	0.001	0.003	0.002	0.004	0.023	0.003	0.002
554.00	0.000	0.002	0.002	0.001	0.003	0.002	0.004	0.023	0.003	0.002
555.00	0.000	0.002	0.002	0.001	0.003	0.002	0.004	0.023	0.003	0.002
556.00	0.000	0.002	0.002	0.001	0.003	0.002	0.004	0.023	0.003	0.002
557.00	0.000	0.002	0.002	0.001	0.003	0.002	0.004	0.023	0.003	0.002
558.00	0.000	0.002	0.002	0.001	0.003	0.002	0.004	0.023	0.003	0.002
559.00	0.000	0.002	0.002	0.001	0.003	0.002	0.004	0.023	0.003	0.002
560.00	0.000	0.002	0.002	0.001	0.003	0.002	0.004	0.023	0.003	0.002
561.00	0.000	0.002	0.002	0.001	0.003	0.002	0.004	0.023	0.003	0.002
562.00	0.000	0.002	0.002	0.001	0.003	0.002	0.004	0.023	0.003	0.002
563.00	0.000	0.002	0.002	0.001	0.003	0.002	0.004	0.023	0.003	0.002
564.00	0.000	0.002	0.002	0.001	0.003	0.002	0.004	0.023	0.003	0.002
565.00	0.000	0.002	0.002	0.001	0.003	0.002	0.004	0.023	0.003	0.002
566.00	0.000	0.002	0.002	0.001	0.003	0.002	0.004	0.023	0.003	0.002
567.00	0.000	0.002	0.002	0.001	0.003	0.002	0.004	0.023	0.003	0.002
568.00	0.000	0.002	0.002	0.001	0.003	0.002	0.004	0.023	0.003	0.002
569.00	0.000	0.002	0.002	0.001	0.003	0.002	0.004	0.023	0.003	0.001
570.00	0.000	0.002	0.002	0.001	0.003	0.002	0.004	0.023	0.003	0.002
571.00	0.000	0.002	0.002	0.001	0.003	0.002	0.004	0.023	0.003	0.002
572.00	0.000	0.002	0.002	0.001	0.003	0.002	0.004	0.023	0.003	0.002
573.00	0.000	0.002	0.002	0.001	0.003	0.002	0.004	0.023	0.003	0.001
574.00	0.000	0.002	0.002	0.001	0.003	0.002	0.004	0.022	0.003	0.001
575.00	0.000	0.002	0.002	0.001	0.003	0.002	0.004	0.023	0.003	0.002
576.00	0.000	0.002	0.002	0.001	0.003	0.002	0.004	0.023	0.003	0.002
577.00	0.000	0.002	0.002	0.001	0.003	0.002	0.004	0.022	0.003	0.002
578.00	0.000	0.002	0.002	0.001	0.003	0.002	0.004	0.022	0.003	0.002
579.00	0.000	0.002	0.002	0.001	0.003	0.002	0.004	0.022	0.003	0.002
580.00	0.000	0.002	0.002	0.001	0.003	0.002	0.004	0.022	0.003	0.001
581.00	0.000	0.002	0.002	0.001	0.003	0.002	0.004	0.022	0.003	0.001
582.00	0.000	0.002	0.002	0.001	0.003	0.002	0.004	0.022	0.003	0.001
583.00	0.000	0.002	0.002	0.001	0.003	0.002	0.004	0.022	0.003	0.002
584.00	0.000	0.002	0.002	0.001	0.003	0.002	0.004	0.022	0.003	0.001
585.00	0.000	0.002	0.002	0.001	0.003	0.002	0.004	0.022	0.003	0.002
586.00	0.000	0.002	0.002	0.001	0.003	0.002	0.004	0.022	0.003	0.002
587.00	0.000	0.002	0.002	0.001	0.003	0.002	0.004	0.022	0.003	0.002
588.00	0.000	0.002	0.002	0.001	0.003	0.002	0.004	0.022	0.003	0.001
589.00	0.000	0.002	0.002	0.001	0.003	0.002	0.004	0.022	0.003	0.001
590.00	0.000	0.002	0.002	0.001	0.003	0.002	0.004	0.022	0.003	0.001
591.00	0.000	0.002	0.002	0.001	0.003	0.002	0.004	0.022	0.003	0.001
592.00	0.000	0.002	0.002	0.001	0.003	0.002	0.004	0.022	0.003	0.001
593.00	0.000	0.002	0.002	0.001	0.003	0.002	0.004	0.022	0.003	0.001
594.00	0.000	0.002	0.002	0.001	0.003	0.002	0.004	0.022	0.003	0.001
595.00	0.000	0.002	0.002	0.001	0.003	0.002	0.004	0.022	0.003	0.001
596.00	0.000	0.002	0.002	0.001	0.003	0.002	0.004	0.022	0.003	0.001
597.00	0.000	0.002	0.002	0.001	0.003	0.002	0.004	0.022	0.003	0.001
598.00	0.000	0.002	0.002	0.001	0.003	0.002	0.004	0.022	0.003	0.001
599.00	0.000	0.002	0.002	0.001	0.003	0.002	0.004	0.022	0.003	0.001
600.00	0.000	0.002	0.002	0.001	0.003	0.002	0.004	0.022	0.003	0.001
601.00	0.000	0.002	0.002	0.001	0.003	0.002	0.004	0.022	0.003	0.001
602.00	0.000	0.002	0.002	0.001	0.003	0.002	0.004	0.022	0.003	0.001
603.00	0.000	0.002	0.002	0.001	0.003	0.002	0.004	0.021	0.003	0.001
604.00	0.000	0.002	0.002	0.001	0.003	0.002	0.004	0.021	0.003	0.001
605.00	0.000	0.002	0.002	0.001	0.003	0.002	0.004	0.021	0.003	0.001
606.00	0.000	0.002	0.002	0.001	0.003	0.002	0.004	0.021	0.003	0.001
607.00	0.000	0.002	0.002	0.001	0.003	0.002	0.004	0.021	0.003	0.001
608.00	0.000	0.002	0.002	0.001	0.003	0.002	0.004	0.021	0.003	0.001
609.00	0.000	0.002	0.002	0.001	0.003	0.002	0.004	0.021	0.003	0.001
610.00	0.000	0.002	0.002	0.001	0.003	0.002	0.004	0.021	0.003	0.001
611.00	0.000	0.002	0.002	0.001	0.003	0.002	0.004	0.021	0.003	0.001
612.00	0.000	0.002	0.002	0.001	0.003	0.002	0.004	0.021	0.003	0.001
613.00	0.000	0.002	0.002	0.001	0.003	0.002	0.004	0.021	0.003	0.001
614.00	0.000	0.002	0.002	0.001	0.003	0.002	0.004	0.021	0.003	0.001
615.00	0.000	0.002	0.002	0.001	0.003	0.001	0.004	0.021	0.003	0.001
616.00	0.000	0.002	0.002	0.001	0.003	0.002	0.004	0.021	0.003	0.001
617.00	0.000	0.002	0.002	0.001	0.003	0.002	0.004	0.021	0.003	0.001
618.00	0.000	0.002	0.002	0.001	0.003	0.002	0.004	0.021	0.003	0.001
619.00	0.000	0.001	0.002	0.001	0.003	0.002	0.004	0.021	0.003	0.001
620.00	0.000	0.001	0.002	0.001	0.003	0.002	0.004	0.021	0.003	0.001
621.00	0.000	0.001	0.002	0.001	0.003	0.002	0.004	0.021	0.003	0.001
622.00	0.000	0.001	0.002	0.001	0.003	0.002	0.004	0.021	0.003	0.001
623.00	0.000	0.001	0.002	0.001	0.003	0.001	0.004	0.021	0.003	0.001
624.00	0.000	0.001	0.002	0.001	0.003	0.002	0.004	0.021	0.003	0.001
625.00	0.000	0.001	0.002	0.001	0.003	0.001	0.004	0.021	0.003	0.001
626.00	0.000	0.001	0.002	0.001	0.003	0.001	0.004	0.021	0.003	0.001
627.00	0.000	0.001	0.002	0.001	0.003	0.001	0.004	0.020	0.003	0.001
628.00	0.000	0.001	0.002	0.001	0.003	0.001	0.004	0.020	0.003	0.001
629.00	0.000	0.001	0.002	0.001	0.003	0.001	0.004	0.020	0.003	0.001
630.00	0.000	0.001	0.002	0.001	0.003	0.001	0.004	0.020	0.003	0.001
631.00	0.000	0.001	0.002	0.001	0.003	0.001	0.004	0.020	0.003	0.001
632.00	0.000	0.001	0.002	0.001	0.003	0.001	0.004	0.020	0.003	0.001
633.00	0.000	0.001	0.002	0.001	0.003	0.001	0.004	0.020	0.003	0.001
634.00	0.000	0.001	0.002	0.001	0.003	0.001	0.004	0.020	0.003	0.001
635.00	-0.000	0.001	0.002	0.001	0.003	0.001	0.004	0.020	0.003	0.001
636.00	-0.000	0.001	0.002	0.001	0.002	0.001	0.004	0.020	0.003	0.001
637.00	-0.000	0.001	0.002	0.001	0.002	0.001	0.004	0.020	0.003	0.001
638.00	-0.000	0.001	0.002	0.001	0.003	0.001	0.004	0.020	0.003	0.001
639.00	-0.000	0.001	0.002	0.001	0.003	0.001	0.004	0.020	0.003	0.001
640.00	-0.000	0.001	0.002	0.001	0.003	0.001	0.004	0.020	0.003	0.001
641.00	-0.000	0.001	0.002	0.001	0.002	0.001	0.003	0.020	0.003	0.001
642.00	-0.000	0.001	0.002	0.001	0.003	0.001	0.003	0.020	0.003	0.001
643.00	-0.000	0.001	0.002	0.001	0.002	0.001	0.003	0.020	0.003	0.001
644.00	-0.000	0.001	0.002	0.001	0.002	0.001	0.003	0.020	0.003	0.001
645.00	-0.000	0.001	0.002	0.001	0.002	0.001	0.003	0.020	0.003	0.001
646.00	-0.000	0.001	0.002	0.001	0.003	0.001	0.003	0.020	0.003	0.001
647.00	-0.000	0.001	0.002	0.001	0.003	0.001	0.003	0.019	0.003	0.001
648.00	-0.000	0.001	0.002	0.001	0.003	0.001	0.003	0.020	0.003	0.001
649.00	-0.000	0.001	0.002	0.001	0.003	0.001	0.004	0.020	0.003	0.001
650.00	-0.000	0.001	0.002	0.001	0.003	0.001	0.003	0.019	0.003	0.001
651.00	-0.000	0.001	0.002	0.001	0.003	0.001	0.003	0.019	0.003	0.001
652.00	-0.000	0.001	0.002	0.001	0.002	0.001	0.003	0.019	0.003	0.001
653.00	-0.000	0.001	0.002	0.001	0.002	0.001	0.003	0.019	0.003	0.001
654.00	0.000	0.001	0.002	0.001	0.003	0.001	0.004	0.019	0.003	0.001
655.00	0.000	0.001	0.002	0.001	0.003	0.001	0.004	0.019	0.003	0.001
656.00	0.000	0.001	0.002	0.001	0.003	0.001	0.003	0.019	0.003	0.001
657.00	0.000	0.001	0.002	0.001	0.002	0.001	0.003	0.019	0.003	0.001
658.00	-0.000	0.001	0.002	0.001	0.002	0.001	0.003	0.019	0.003	0.001
659.00	-0.000	0.001	0.002	0.001	0.002	0.001	0.003	0.019	0.003	0.001
660.00	-0.000	0.001	0.002	0.001	0.002	0.001	0.003	0.019	0.003	0.001
661.00	-0.000	0.001	0.002	0.001	0.002	0.001	0.003	0.019	0.003	0.001
662.00	-0.000	0.001	0.002	0.001	0.002	0.001	0.003	0.019	0.003	0.001
663.00	-0.000	0.001	0.002	0.001	0.002	0.001	0.003	0.019	0.003	0.001
664.00	0.000	0.001	0.002	0.001	0.003	0.001	0.003	0.019	0.003	0.001
665.00	-0.000	0.001	0.002	0.001	0.002	0.001	0.003	0.019	0.003	0.001
666.00	-0.000	0.001	0.002	0.001	0.002	0.001	0.003	0.019	0.003	0.001
667.00	-0.000	0.001	0.002	0.001	0.002	0.001	0.003	0.019	0.003	0.001
668.00	-0.000	0.001	0.002	0.001	0.002	0.001	0.003	0.019	0.003	0.001
669.00	-0.000	0.001	0.002	0.001	0.002	0.001	0.003	0.019	0.003	0.001
670.00	0.000	0.001	0.002	0.001	0.002	0.001	0.003	0.019	0.003	0.001
671.00	0.000	0.001	0.002	0.001	0.002	0.001	0.003	0.019	0.003	0.001
672.00	-0.000	0.001	0.002	0.001	0.002	0.001	0.003	0.019	0.003	0.001
673.00	-0.000	0.001	0.002	0.001	0.002	0.001	0.003	0.019	0.003	0.001
674.00	-0.000	0.001	0.002	0.001	0.002	0.001	0.003	0.019	0.003	0.001
675.00	-0.000	0.001	0.002	0.001	0.002	0.001	0.003	0.019	0.003	0.001
676.00	-0.000	0.001	0.002	0.001	0.002	0.001	0.003	0.019	0.003	0.001
677.00	-0.000	0.001	0.002	0.001	0.002	0.001	0.003	0.019	0.003	0.001
678.00	0.000	0.001	0.002	0.001	0.003	0.001	0.003	0.019	0.003	0.001
679.00	-0.000	0.001	0.002	0.001	0.003	0.001	0.003	0.019	0.003	0.001
680.00	-0.000	0.001	0.002	0.001	0.003	0.001	0.004	0.019	0.003	0.001
681.00	0.000	0.001	0.002	0.001	0.002	0.001	0.003	0.019	0.003	0.001
682.00	-0.000	0.001	0.002	0.001	0.002	0.001	0.003	0.019	0.003	0.001
683.00	-0.000	0.001	0.002	0.001	0.002	0.001	0.003	0.019	0.002	0.001
684.00	0.000	0.001	0.002	0.001	0.003	0.001	0.003	0.019	0.003	0.001
685.00	0.000	0.001	0.002	0.001	0.003	0.001	0.003	0.019	0.003	0.001
686.00	0.000	0.001	0.002	0.001	0.003	0.001	0.004	0.019	0.003	0.001
687.00	0.000	0.001	0.002	0.001	0.002	0.001	0.003	0.018	0.003	0.001
688.00	-0.000	0.001	0.002	0.001	0.002	0.001	0.003	0.018	0.003	0.001
689.00	0.000	0.001	0.002	0.001	0.002	0.001	0.003	0.018	0.003	0.001
690.00	0.000	0.001	0.002	0.001	0.002	0.001	0.003	0.018	0.003	0.001
691.00	0.000	0.001	0.002	0.001	0.002	0.001	0.003	0.018	0.003	0.001
692.00	0.000	0.001	0.002	0.001	0.002	0.001	0.003	0.018	0.003	0.001
693.00	0.000	0.001	0.002	0.001	0.002	0.001	0.003	0.018	0.003	0.001
694.00	-0.000	0.001	0.002	0.001	0.002	0.001	0.003	0.018	0.002	0.001
695.00	-0.000	0.001	0.002	0.001	0.002	0.001	0.003	0.018	0.002	0.001
696.00	0.000	0.001	0.002	0.001	0.002	0.001	0.003	0.018	0.003	0.001
697.00	0.000	0.001	0.002	0.001	0.002	0.001	0.003	0.018	0.003	0.001
698.00	0.000	0.001	0.002	0.001	0.002	0.001	0.003	0.018	0.003	0.001
699.00	-0.000	0.001	0.002	0.001	0.002	0.001	0.003	0.018	0.002	0.001
700.00	-0.000	0.001	0.002	0.001	0.002	0.001	0.003	0.018	0.002	0.001
701.00	0.000	0.001	0.002	0.001	0.002	0.001	0.003	0.018	0.002	0.001
702.00	0.000	0.001	0.002	0.001	0.002	0.001	0.003	0.018	0.002	0.001
703.00	0.000	0.001	0.002	0.001	0.002	0.001	0.003	0.018	0.002	0.001
704.00	-0.000	0.001	0.002	0.001	0.002	0.001	0.003	0.018	0.002	0.001
705.00	-0.000	0.001	0.002	0.001	0.002	0.001	0.003	0.018	0.002	0.001
706.00	0.000	0.001	0.002	0.001	0.002	0.001	0.003	0.018	0.003	0.001
707.00	0.000	0.001	0.002	0.001	0.002	0.001	0.003	0.018	0.003	0.001
708.00	0.000	0.001	0.002	0.001	0.002	0.001	0.003	0.018	0.003	0.001
709.00	0.000	0.001	0.002	0.001	0.002	0.001	0.003	0.018	0.003	0.001
710.00	0.000	0.001	0.002	0.001	0.002	0.001	0.003	0.018	0.003	0.001
711.00	0.000	0.001	0.002	0.001	0.002	0.001	0.003	0.018	0.003	0.001
712.00	0.000	0.001	0.002	0.001	0.003	0.001	0.003	0.018	0.003	0.001
713.00	0.000	0.001	0.002	0.001	0.003	0.001	0.003	0.018	0.003	0.001
714.00	0.000	0.001	0.002	0.001	0.002	0.001	0.003	0.018	0.003	0.001
715.00	0.000	0.001	0.002	0.001	0.002	0.001	0.003	0.018	0.003	0.001
716.00	0.000	0.001	0.002	0.001	0.002	0.001	0.003	0.018	0.003	0.001
717.00	0.000	0.001	0.002	0.001	0.002	0.001	0.003	0.018	0.003	0.001
718.00	0.000	0.001	0.002	0.001	0.002	0.001	0.003	0.018	0.002	0.001
719.00	0.000	0.001	0.002	0.001	0.002	0.001	0.003	0.018	0.002	0.001
720.00	0.000	0.001	0.002	0.001	0.002	0.001	0.003	0.017	0.002	0.001
721.00	0.000	0.001	0.002	0.001	0.002	0.001	0.003	0.018	0.003	0.001
722.00	0.000	0.001	0.002	0.001	0.002	0.001	0.003	0.017	0.002	0.001
723.00	0.000	0.001	0.002	0.001	0.002	0.001	0.003	0.017	0.002	0.001
724.00	0.000	0.001	0.002	0.001	0.002	0.001	0.003	0.017	0.003	0.001
725.00	0.000	0.001	0.002	0.001	0.002	0.001	0.003	0.017	0.002	0.001
726.00	0.000	0.001	0.002	0.001	0.002	0.001	0.003	0.017	0.002	0.001
727.00	0.000	0.001	0.002	0.001	0.003	0.001	0.003	0.017	0.002	0.001
728.00	0.000	0.001	0.002	0.001	0.002	0.001	0.003	0.017	0.002	0.001
729.00	0.000	0.001	0.002	0.001	0.002	0.001	0.003	0.017	0.002	0.001
730.00	0.000	0.001	0.002	0.001	0.002	0.001	0.003	0.017	0.002	0.001
731.00	0.000	0.001	0.002	0.001	0.002	0.001	0.003	0.017	0.002	0.001
732.00	0.000	0.001	0.002	0.001	0.002	0.001	0.003	0.017	0.002	0.001
733.00	0.000	0.001	0.002	0.001	0.002	0.001	0.003	0.017	0.002	0.001
734.00	0.000	0.001	0.002	0.001	0.002	0.001	0.003	0.017	0.002	0.001
735.00	0.000	0.001	0.002	0.001	0.002	0.001	0.003	0.017	0.002	0.001
736.00	0.000	0.001	0.002	0.001	0.002	0.001	0.003	0.017	0.002	0.001
737.00	0.000	0.001	0.002	0.001	0.002	0.001	0.003	0.017	0.002	0.001
738.00	0.000	0.001	0.002	0.001	0.002	0.001	0.003	0.017	0.002	0.001
739.00	0.000	0.001	0.002	0.001	0.002	0.001	0.003	0.017	0.002	0.001
740.00	0.000	0.001	0.002	0.001	0.002	0.001	0.003	0.017	0.002	0.001
741.00	0.000	0.001	0.002	0.001	0.002	0.001	0.003	0.017	0.002	0.001
742.00	0.000	0.001	0.002	0.001	0.002	0.001	0.003	0.017	0.002	0.001
743.00	0.000	0.001	0.002	0.001	0.002	0.001	0.003	0.017	0.002	0.001
744.00	0.000	0.001	0.002	0.001	0.002	0.001	0.003	0.017	0.002	0.001
745.00	0.000	0.001	0.002	0.001	0.002	0.001	0.003	0.017	0.002	0.001
746.00	0.000	0.001	0.002	0.001	0.002	0.001	0.003	0.017	0.002	0.001
747.00	0.000	0.001	0.002	0.001	0.002	0.001	0.003	0.017	0.002	0.001
748.00	0.000	0.001	0.002	0.001	0.002	0.001	0.003	0.017	0.002	0.001
749.00	0.000	0.001	0.002	0.001	0.002	0.001	0.003	0.017	0.002	0.001
750.00	0.000	0.001	0.002	0.001	0.002	0.001	0.003	0.017	0.002	0.001
751.00	0.000	0.001	0.002	0.001	0.002	0.001	0.003	0.017	0.002	0.001
752.00	0.000	0.001	0.002	0.001	0.002	0.001	0.003	0.017	0.002	0.001
753.00	0.000	0.001	0.002	0.001	0.002	0.001	0.003	0.017	0.002	0.001
754.00	0.000	0.001	0.002	0.001	0.002	0.001	0.003	0.017	0.002	0.001
755.00	0.000	0.001	0.002	0.001	0.002	0.001	0.003	0.017	0.002	0.001
756.00	0.000	0.001	0.002	0.001	0.002	0.001	0.003	0.017	0.002	0.001
757.00	0.000	0.001	0.002	0.001	0.002	0.001	0.003	0.017	0.002	0.001
758.00	0.000	0.001	0.002	0.001	0.002	0.001	0.003	0.017	0.002	0.001
759.00	0.000	0.002	0.002	0.001	0.002	0.001	0.003	0.017	0.003	0.001
760.00	0.001	0.002	0.003	0.002	0.003	0.002	0.004	0.018	0.004	0.002
761.00	0.000	0.002	0.002	0.001	0.003	0.001	0.003	0.017	0.003	0.001
762.00	0.000	0.001	0.002	0.001	0.002	0.001	0.003	0.016	0.002	0.001
763.00	0.000	0.001	0.002	0.001	0.002	0.001	0.003	0.016	0.002	0.001
764.00	0.000	0.001	0.002	0.001	0.002	0.001	0.003	0.017	0.002	0.001
765.00	0.000	0.001	0.002	0.001	0.002	0.001	0.003	0.017	0.002	0.001
766.00	0.000	0.001	0.002	0.001	0.002	0.001	0.003	0.016	0.002	0.001
767.00	0.000	0.001	0.002	0.001	0.002	0.001	0.003	0.016	0.002	0.001
768.00	0.000	0.001	0.002	0.001	0.002	0.001	0.003	0.016	0.002	0.001
769.00	0.000	0.001	0.002	0.001	0.002	0.001	0.003	0.016	0.002	0.001
770.00	0.000	0.001	0.002	0.001	0.002	0.001	0.003	0.016	0.002	0.001
771.00	0.000	0.001	0.002	0.001	0.002	0.001	0.003	0.016	0.002	0.001
772.00	0.000	0.001	0.002	0.001	0.002	0.001	0.003	0.016	0.002	0.001
773.00	0.000	0.001	0.002	0.001	0.002	0.001	0.003	0.016	0.002	0.001
774.00	0.000	0.001	0.002	0.001	0.002	0.001	0.003	0.016	0.003	0.001
775.00	-0.000	0.001	0.002	0.001	0.002	0.001	0.003	0.016	0.003	0.001
776.00	0.000	0.001	0.002	0.001	0.002	0.001	0.003	0.016	0.002	0.001
777.00	0.000	0.001	0.002	0.001	0.002	0.001	0.003	0.016	0.003	0.001
778.00	0.000	0.001	0.002	0.001	0.002	0.001	0.003	0.016	0.002	0.001
779.00	0.000	0.001	0.002	0.001	0.002	0.001	0.003	0.016	0.002	0.001
780.00	0.000	0.001	0.002	0.001	0.002	0.001	0.003	0.016	0.002	0.001
781.00	0.000	0.001	0.002	0.001	0.002	0.001	0.003	0.016	0.002	0.001
782.00	0.000	0.001	0.002	0.001	0.002	0.001	0.003	0.016	0.002	0.001
783.00	0.000	0.001	0.002	0.001	0.002	0.001	0.003	0.016	0.002	0.001
784.00	0.000	0.001	0.002	0.001	0.002	0.001	0.003	0.016	0.003	0.001
785.00	0.000	0.001	0.002	0.001	0.002	0.001	0.003	0.016	0.003	0.001
786.00	-0.000	0.001	0.002	0.001	0.002	0.001	0.003	0.016	0.002	0.001
787.00	-0.000	0.001	0.002	0.001	0.002	0.001	0.003	0.016	0.002	0.001
788.00	0.000	0.001	0.002	0.001	0.002	0.001	0.003	0.016	0.002	0.001
789.00	0.000	0.002	0.002	0.001	0.002	0.001	0.003	0.016	0.002	0.001
790.00	0.000	0.001	0.002	0.001	0.002	0.001	0.003	0.016	0.003	0.001
791.00	0.000	0.001	0.002	0.001	0.002	0.001	0.003	0.016	0.003	0.001
792.00	0.000	0.001	0.002	0.001	0.002	0.001	0.003	0.016	0.003	0.001
793.00	0.000	0.001	0.002	0.001	0.002	0.001	0.003	0.016	0.003	0.001
794.00	-0.000	0.001	0.002	0.001	0.002	0.001	0.003	0.016	0.002	0.001
795.00	0.000	0.001	0.002	0.001	0.002	0.001	0.003	0.016	0.003	0.001
796.00	0.000	0.002	0.002	0.001	0.002	0.001	0.003	0.016	0.003	0.001
797.00	0.000	0.001	0.002	0.001	0.002	0.001	0.003	0.016	0.002	0.001
798.00	0.000	0.001	0.002	0.001	0.002	0.001	0.003	0.016	0.002	0.001
799.00	-0.000	0.001	0.002	0.001	0.002	0.001	0.003	0.016	0.002	0.001
800.00	-0.000	0.001	0.002	0.001	0.002	0.001	0.003	0.015	0.002	0.001
801.00	-0.000	0.001	0.002	0.001	0.002	0.001	0.003	0.016	0.002	0.001
802.00	-0.000	0.002	0.002	0.001	0.002	0.001	0.003	0.015	0.003	0.001
803.00	0.000	0.001	0.002	0.001	0.002	0.001	0.003	0.015	0.003	0.001
804.00	0.000	0.001	0.002	0.001	0.002	0.001	0.003	0.015	0.003	0.001
805.00	0.000	0.001	0.002	0.001	0.002	0.001	0.003	0.015	0.002	0.001
806.00	0.000	0.001	0.002	0.001	0.002	0.001	0.003	0.015	0.003	0.001
807.00	0.000	0.001	0.002	0.001	0.002	0.001	0.003	0.015	0.003	0.001
808.00	0.000	0.001	0.002	0.001	0.002	0.001	0.003	0.015	0.003	0.001
809.00	0.000	0.001	0.002	0.001	0.002	0.001	0.003	0.015	0.002	0.001
810.00	0.000	0.002	0.002	0.001	0.002	0.001	0.003	0.015	0.003	0.001
811.00	0.000	0.001	0.002	0.001	0.002	0.001	0.003	0.015	0.003	0.001
812.00	0.000	0.001	0.002	0.001	0.002	0.001	0.003	0.015	0.002	0.001
813.00	0.000	0.001	0.002	0.001	0.002	0.001	0.003	0.015	0.002	0.001
814.00	-0.000	0.001	0.002	0.001	0.002	0.001	0.003	0.015	0.003	0.001
815.00	0.000	0.001	0.002	0.001	0.002	0.001	0.003	0.015	0.003	0.001
816.00	0.000	0.001	0.002	0.001	0.002	0.001	0.003	0.015	0.003	0.001
817.00	-0.000	0.001	0.002	0.001	0.002	0.001	0.003	0.015	0.002	0.001
818.00	0.000	0.001	0.002	0.001	0.002	0.001	0.003	0.015	0.002	0.001
819.00	0.000	0.001	0.002	0.001	0.002	0.001	0.003	0.015	0.003	0.001
820.00	0.000	0.001	0.002	0.001	0.002	0.001	0.003	0.015	0.002	0.001
821.00	0.000	0.001	0.002	0.001	0.002	0.001	0.003	0.015	0.002	0.001
822.00	0.000	0.001	0.002	0.001	0.002	0.001	0.003	0.015	0.002	0.001
823.00	0.000	0.001	0.002	0.001	0.002	0.001	0.003	0.015	0.002	0.001
824.00	0.000	0.001	0.002	0.001	0.002	0.001	0.003	0.015	0.002	0.001
825.00	0.000	0.001	0.002	0.001	0.002	0.001	0.003	0.015	0.002	0.001
826.00	0.000	0.001	0.002	0.001	0.002	0.001	0.003	0.015	0.003	0.001
827.00	0.000	0.001	0.002	0.001	0.002	0.001	0.003	0.015	0.003	0.001
828.00	0.000	0.001	0.002	0.001	0.002	0.001	0.003	0.015	0.002	0.001
829.00	0.000	0.001	0.002	0.001	0.002	0.001	0.003	0.015	0.002	0.001
830.00	0.000	0.001	0.002	0.001	0.002	0.001	0.003	0.015	0.002	0.001
831.00	0.000	0.001	0.001	0.001	0.002	0.001	0.003	0.015	0.002	0.001
832.00	0.000	0.001	0.002	0.001	0.002	0.001	0.003	0.015	0.002	0.001
833.00	0.000	0.001	0.002	0.001	0.002	0.001	0.003	0.015	0.002	0.001
834.00	0.000	0.001	0.002	0.001	0.002	0.001	0.003	0.015	0.002	0.001
835.00	0.000	0.001	0.001	0.001	0.002	0.001	0.003	0.015	0.002	0.001
836.00	0.000	0.001	0.001	0.001	0.002	0.001	0.003	0.015	0.002	0.001
837.00	0.000	0.001	0.001	0.001	0.002	0.001	0.003	0.015	0.002	0.001
838.00	0.000	0.001	0.001	0.001	0.002	0.001	0.003	0.015	0.002	0.001
839.00	0.000	0.001	0.001	0.001	0.002	0.001	0.003	0.015	0.002	0.001
840.00	0.000	0.001	0.001	0.001	0.002	0.001	0.003	0.015	0.002	0.001
841.00	0.000	0.001	0.001	0.001	0.002	0.001	0.003	0.015	0.002	0.001
842.00	0.000	0.001	0.001	0.001	0.002	0.001	0.003	0.015	0.002	0.001
843.00	0.000	0.001	0.001	0.001	0.002	0.001	0.003	0.014	0.002	0.001
844.00	0.000	0.001	0.001	0.001	0.002	0.001	0.003	0.015	0.002	0.001
845.00	0.000	0.001	0.001	0.001	0.002	0.001	0.003	0.015	0.002	0.001
846.00	0.000	0.001	0.001	0.001	0.002	0.001	0.003	0.015	0.002	0.001
847.00	0.000	0.001	0.001	0.001	0.002	0.001	0.003	0.014	0.002	0.001
848.00	0.000	0.001	0.001	0.001	0.002	0.001	0.003	0.014	0.002	0.001
849.00	0.000	0.001	0.001	0.001	0.002	0.001	0.003	0.014	0.003	0.001
850.00	0.000	0.001	0.001	0.001	0.002	0.001	0.003	0.014	0.002	0.001
